10.2306
10.2298
10.2290
10.2282
10.2274
10.2266
10.2257
10.2249
10.2241
10.2233
10.2225
10.2217
10.2208
10.2200
10.2192
10.2184
10.2175
10.2167
10.2159
10.2151
10.2142
10.2134
10.2125
10.2117
10.2109
10.2100
10.2092
10.2083
10.2075
10.2067
10.2058
10.2050
10.2041
10.2033
10.2024
10.2016
10.2007
10.1998
10.1990
10.1981
10.1973
10.1964
10.1955
10.1947
10.1938
10.1929
10.1920
10.1912
10.1903
10.1894
10.1885
10.1877
10.1868
10.1859
10.1850
10.1841
10.1832
10.1824
10.1815
10.1806
10.1797
10.1788
10.1779
10.1770
10.1761
10.1752
10.1743
10.1734
10.1725
10.1716
10.1707
10.1698
10.1688
10.1679
10.1670
10.1661
10.1652
10.1643
10.1633
10.1624
10.1615
10.1606
10.1596
10.1587
10.1578
10.1568
10.1559
10.1550
10.1540
10.1531
10.1522
10.1512
10.1503
10.1493
10.1484
10.1474
10.1465
10.1455
10.1446
10.1436
10.1427
10.1417
10.1407
10.1398
10.1388
10.1378
10.1369
10.1359
10.1349
10.1340
10.1330
10.1320
10.1310
10.1301
10.1291
10.1281
10.1271
10.1261
10.1251
10.1241
10.1232
10.1222
10.1212
10.1202
10.1192
10.1182
10.1172
10.1162
10.1152
10.1142
10.1132
10.1121
10.1111
10.1101
10.1091
10.1081
10.1071
10.1060
10.1050
10.1040
10.1030
10.1019
10.1009
10.0999
10.0989
10.0978
10.0968
10.0957
10.0947
10.0937
10.0926
10.0916
10.0905
10.0895
10.0884
10.0874
10.0863
10.0853
10.0842
10.0832
10.0821
10.0810
10.0800
10.0789
10.0778
10.0768
10.0757
10.0746
10.0735
10.0725
10.0714
10.0703
10.0692
10.0681
10.0670
10.0660
10.0649
10.0638
10.0627
10.0616
10.0605
10.0594
10.0583
10.0572
10.0561
10.0550
10.0539
10.0527
10.0516
10.0505
10.0494
10.0483
10.0472
10.0460
10.0449
10.0438
10.0427
10.0415
10.0404
10.0393
10.0381
10.0370
10.0358
10.0347
10.0336
10.0324
10.0313
10.0301
10.0290
10.0278
10.0267
10.0255
10.0243
10.0232
10.0220
10.0209
10.0197
10.0185
10.0173
10.0162
10.0150
10.0138
10.0126
10.0115
10.0103
10.0091
10.0079
10.0067
10.0055
10.0043
10.0031
10.0019
10.0007
9.9995
9.9983
9.9971
9.9959
9.9947
9.9935
9.9923
9.9911
9.9899
9.9887
9.9874
9.9862
9.9850
9.9838
9.9825
9.9813
9.9801
9.9788
9.9776
9.9764
9.9751
9.9739
9.9726
9.9714
9.9701
9.9689
9.9676
9.9664
9.9651
9.9638
9.9626
9.9613
9.9601
9.9588
9.9575
9.9562
9.9550
9.9537
9.9524
9.9511
9.9499
9.9486
9.9473
9.9460
9.9447
9.9434
9.9421
9.9408
9.9395
9.9382
9.9369
9.9356
9.9343
9.9330
9.9317
9.9304
9.9290
9.9277
9.9264
9.9251
9.9237
9.9224
9.9211
9.9198
9.9184
9.9171
9.9157
9.9144
9.9131
9.9117
9.9104
9.9090
9.9077
9.9063
9.9050
9.9036
9.9022
9.9009
9.8995
9.8981
9.8968
9.8954
9.8940
9.8926
9.8913
9.8899
9.8885
9.8871
9.8857
9.8843
9.8829
9.8815
9.8801
9.8787
9.8773
9.8759
9.8745
9.8731
9.8717
9.8703
9.8689
9.8675
9.8661
9.8646
9.8632
9.8618
9.8604
9.8589
9.8575
9.8561
9.8546
9.8532
9.8517
9.8503
9.8488
9.8474
9.8459
9.8445
9.8430
9.8416
9.8401
9.8386
9.8372
9.8357
9.8342
9.8328
9.8313
9.8298
9.8283
9.8268
9.8254
9.8239
9.8224
9.8209
9.8194
9.8179
9.8164
9.8149
9.8134
9.8119
9.8104
9.8089
9.8074
9.8058
9.8043
9.8028
9.8013
9.7997
9.7982
9.7967
9.7952
9.7936
9.7921
9.7905
9.7890
9.7875
9.7859
9.7844
9.7828
9.7812
9.7797
9.7781
9.7766
9.7750
9.7734
9.7719
9.7703
9.7687
9.7671
9.7656
9.7640
9.7624
9.7608
9.7592
9.7576
9.7560
9.7544
9.7528
9.7512
9.7496
9.7480
9.7464
9.7448
9.7432
9.7416
9.7399
9.7383
9.7367
9.7351
9.7334
9.7318
9.7302
9.7285
9.7269
9.7252
9.7236
9.7219
9.7203
9.7186
9.7170
9.7153
9.7137
9.7120
9.7103
9.7087
9.7070
9.7053
9.7036
9.7020
9.7003
9.6986
9.6969
9.6952
9.6935
9.6918
9.6901
9.6884
9.6867
9.6850
9.6833
9.6816
9.6799
9.6782
9.6765
9.6747
9.6730
9.6713
9.6696
9.6678
9.6661
9.6644
9.6626
9.6609
9.6591
9.6574
9.6556
9.6539
9.6521
9.6504
9.6486
9.6468
9.6451
9.6433
9.6415
9.6398
9.6380
9.6362
9.6344
9.6326
9.6309
9.6291
9.6273
9.6255
9.6237
9.6219
9.6201
9.6183
9.6164
9.6146
9.6128
9.6110
9.6092
9.6074
9.6055
9.6037
9.6019
9.6000
9.5982
9.5964
9.5945
9.5927
9.5908
9.5890
9.5871
9.5853
9.5834
9.5815
9.5797
9.5778
9.5759
9.5741
9.5722
9.5703
9.5684
9.5665
9.5646
9.5628
9.5609
9.5590
9.5571
9.5552
9.5533
9.5514
9.5494
9.5475
9.5456
9.5437
9.5418
9.5398
9.5379
9.5360
9.5341
9.5321
9.5302
9.5282
9.5263
9.5243
9.5224
9.5204
9.5185
9.5165
9.5146
9.5126
9.5106
9.5087
9.5067
9.5047
9.5027
9.5008
9.4988
9.4968
9.4948
9.4928
9.4908
9.4888
9.4868
9.4848
9.4828
9.4808
9.4788
9.4767
9.4747
9.4727
9.4707
9.4686
9.4666
9.4646
9.4625
9.4605
9.4585
9.4564
9.4544
9.4523
9.4503
9.4482
9.4461
9.4441
9.4420
9.4399
9.4379
9.4358
9.4337
9.4316
9.4295
9.4274
9.4254
9.4233
9.4212
9.4191
9.4170
9.4149
9.4127
9.4106
9.4085
9.4064
9.4043
9.4021
9.4000
9.3979
9.3958
9.3936
9.3915
9.3893
9.3872
9.3850
9.3829
9.3807
9.3786
9.3764
9.3743
9.3721
9.3699
9.3677
9.3656
9.3634
9.3612
9.3590
9.3568
9.3546
9.3524
9.3502
9.3480
9.3458
9.3436
9.3414
9.3392
9.3370
9.3348
9.3326
9.3303
9.3281
9.3259
9.3236
9.3214
9.3192
9.3169
9.3147
9.3124
9.3102
9.3079
9.3056
9.3034
9.3011
9.2988
9.2966
9.2943
9.2920
9.2897
9.2874
9.2852
9.2829
9.2806
9.2783
9.2760
9.2737
9.2714
9.2691
9.2667
9.2644
9.2621
9.2598
9.2575
9.2551
9.2528
9.2505
9.2481
9.2458
9.2434
9.2411
9.2387
9.2364
9.2340
9.2317
9.2293
9.2269
9.2246
9.2222
9.2198
9.2174
9.2150
9.2126
9.2103
9.2079
9.2055
9.2031
9.2007
9.1983
9.1959
9.1934
9.1910
9.1886
9.1862
9.1838
9.1813
9.1789
9.1765
9.1740
9.1716
9.1691
9.1667
9.1642
9.1618
9.1593
9.1569
9.1544
9.1519
9.1495
9.1470
9.1445
9.1420
9.1395
9.1371
9.1346
9.1321
9.1296
9.1271
9.1246
9.1221
9.1195
9.1170
9.1145
9.1120
9.1095
9.1069
9.1044
9.1019
9.0993
9.0968
9.0943
9.0917
9.0892
9.0866
9.0841
9.0815
9.0789
9.0764
9.0738
9.0712
9.0686
9.0661
9.0635
9.0609
9.0583
9.0557
9.0531
9.0505
9.0479
9.0453
9.0427
9.0401
9.0375
9.0349
9.0322
9.0296
9.0270
9.0243
9.0217
9.0191
9.0164
9.0138
9.0111
9.0085
9.0058
9.0032
9.0005
8.9978
8.9952
8.9925
8.9898
8.9871
8.9844
8.9818
8.9791
8.9764
8.9737
8.9710
8.9683
8.9656
8.9629
8.9601
8.9574
8.9547
8.9520
8.9493
8.9465
8.9438
8.9411
8.9383
8.9356
8.9328
8.9301
8.9273
8.9246
8.9218
8.9190
8.9163
8.9135
8.9107
8.9079
8.9052
8.9024
8.8996
8.8968
8.8940
8.8912
8.8884
8.8856
8.8828
8.8800
8.8772
8.8743
8.8715
8.8687
8.8659
8.8630
8.8602
8.8574
8.8545
8.8517
8.8488
8.8460
8.8431
8.8403
8.8374
8.8345
8.8317
8.8288
8.8259
8.8230
8.8201
8.8173
8.8144
8.8115
8.8086
8.8057
8.8028
8.7999
8.7970
8.7940
8.7911
8.7882
8.7853
8.7824
8.7794
8.7765
8.7735
8.7706
8.7677
8.7647
8.7618
8.7588
8.7558
8.7529
8.7499
8.7470
8.7440
8.7410
8.7380
8.7350
8.7321
8.7291
8.7261
8.7231
8.7201
8.7171
8.7141
8.7111
8.7080
8.7050
8.7020
8.6990
8.6960
8.6929
8.6899
8.6869
8.6838
8.6808
8.6777
8.6747
8.6716
8.6686
8.6655
8.6624
8.6594
8.6563
8.6532
8.6501
8.6471
8.6440
8.6409
8.6378
8.6347
8.6316
8.6285
8.6254
8.6223
8.6192
8.6160
8.6129
8.6098
8.6067
8.6035
8.6004
8.5973
8.5941
8.5910
8.5878
8.5847
8.5815
8.5784
8.5752
8.5721
8.5689
8.5657
8.5625
8.5594
8.5562
8.5530
8.5498
8.5466
8.5434
8.5402
8.5370
8.5338
8.5306
8.5274
8.5242
8.5210
8.5177
8.5145
8.5113
8.5080
8.5048
8.5016
8.4983
8.4951
8.4918
8.4886
8.4853
8.4821
8.4788
8.4755
8.4723
8.4690
8.4657
8.4624
8.4591
8.4559
8.4526
8.4493
8.4460
8.4427
8.4394
8.4361
8.4328
8.4294
8.4261
8.4228
8.4195
8.4161
8.4128
8.4095
8.4061
8.4028
8.3995
8.3961
8.3928
8.3894
8.3860
8.3827
8.3793
8.3759
8.3726
8.3692
8.3658
8.3624
8.3591
8.3557
8.3523
8.3489
8.3455
8.3421
8.3387
8.3353
8.3318
8.3284
8.3250
8.3216
8.3182
8.3147
8.3113
8.3079
8.3044
8.3010
8.2975
8.2941
8.2906
8.2872
8.2837
8.2803
8.2768
8.2733
8.2699
8.2664
8.2629
8.2594
8.2559
8.2524
8.2489
8.2455
8.2420
8.2385
8.2349
8.2314
8.2279
8.2244
8.2209
8.2174
8.2138
8.2103
8.2068
8.2032
8.1997
8.1962
8.1926
8.1891
8.1855
8.1820
8.1784
8.1748
8.1713
8.1677
8.1641
8.1606
8.1570
8.1534
8.1498
8.1462
8.1426
8.1391
8.1355
8.1319
8.1282
8.1246
8.1210
8.1174
8.1138
8.1102
8.1066
8.1029
8.0993
8.0957
8.0920
8.0884
8.0847
8.0811
8.0775
8.0738
8.0701
8.0665
8.0628
8.0592
8.0555
8.0518
8.0481
8.0445
8.0408
8.0371
8.0334
8.0297
8.0260
8.0223
8.0186
8.0149
8.0112
8.0075
8.0038
8.0001
7.9964
7.9926
7.9889
7.9852
7.9815
7.9777
7.9740
7.9703
7.9665
7.9628
7.9590
7.9553
7.9515
7.9477
7.9440
7.9402
7.9364
7.9327
7.9289
7.9251
7.9213
7.9176
7.9138
7.9100
7.9062
7.9024
7.8986
7.8948
7.8910
7.8872
7.8834
7.8795
7.8757
7.8719
7.8681
7.8643
7.8604
7.8566
7.8528
7.8489
7.8451
7.8412
7.8374
7.8335
7.8297
7.8258
7.8220
7.8181
7.8142
7.8104
7.8065
7.8026
7.7987
7.7949
7.7910
7.7871
7.7832
7.7793
7.7754
7.7715
7.7676
7.7637
7.7598
7.7559
7.7520
7.7481
7.7441
7.7402
7.7363
7.7324
7.7284
7.7245
7.7206
7.7166
7.7127
7.7087
7.7048
7.7008
7.6969
7.6929
7.6890
7.6850
7.6810
7.6771
7.6731
7.6691
7.6652
7.6612
7.6572
7.6532
7.6492
7.6452
7.6412
7.6372
7.6333
7.6292
7.6252
7.6212
7.6172
7.6132
7.6092
7.6052
7.6012
7.5971
7.5931
7.5891
7.5851
7.5810
7.5770
7.5729
7.5689
7.5649
7.5608
7.5568
7.5527
7.5487
7.5446
7.5405
7.5365
7.5324
7.5283
7.5243
7.5202
7.5161
7.5120
7.5079
7.5039
7.4998
7.4957
7.4916
7.4875
7.4834
7.4793
7.4752
7.4711
7.4670
7.4629
7.4588
7.4546
7.4505
7.4464
7.4423
7.4382
7.4340
7.4299
7.4258
7.4216
7.4175
7.4133
7.4092
7.4051
7.4009
7.3968
7.3926
7.3884
7.3843
7.3801
7.3760
7.3718
7.3676
7.3635
7.3593
7.3551
7.3509
7.3467
7.3426
7.3384
7.3342
7.3300
7.3258
7.3216
7.3174
7.3132
7.3090
7.3048
7.3006
7.2964
7.2922
7.2880
7.2838
7.2795
7.2753
7.2711
7.2669
7.2626
7.2584
7.2542
7.2499
7.2457
7.2415
7.2372
7.2330
7.2287
7.2245
7.2202
7.2160
7.2117
7.2075
7.2032
7.1989
7.1947
7.1904
7.1862
7.1819
7.1776
7.1733
7.1691
7.1648
7.1605
7.1562
7.1519
7.1476
7.1434
7.1391
7.1348
7.1305
7.1262
7.1219
7.1176
7.1133
7.1090
7.1047
7.1003
7.0960
7.0917
7.0874
7.0831
7.0788
7.0744
7.0701
7.0658
7.0615
7.0571
7.0528
7.0485
7.0441
7.0398
7.0355
7.0311
7.0268
7.0224
7.0181
7.0137
7.0094
7.0050
7.0007
6.9963
6.9919
6.9876
6.9832
6.9789
6.9745
6.9701
6.9657
6.9614
6.9570
6.9526
6.9482
6.9439
6.9395
6.9351
6.9307
6.9263
6.9219
6.9176
6.9132
6.9088
6.9044
6.9000
6.8956
6.8912
6.8868
6.8824
6.8780
6.8736
6.8691
6.8647
6.8603
6.8559
6.8515
6.8471
6.8427
6.8382
6.8338
6.8294
6.8250
6.8205
6.8161
6.8117
6.8072
6.8028
6.7984
6.7939
6.7895
6.7851
6.7806
6.7762
6.7717
6.7673
6.7628
6.7584
6.7539
6.7495
6.7450
6.7406
6.7361
6.7317
6.7272
6.7228
6.7183
6.7138
6.7094
6.7049
6.7004
6.6960
6.6915
6.6870
6.6826
6.6781
6.6736
6.6691
6.6646
6.6602
6.6557
6.6512
6.6467
6.6422
6.6378
6.6333
6.6288
6.6243
6.6198
6.6153
6.6108
6.6063
6.6018
6.5973
6.5928
6.5883
6.5838
6.5793
6.5748
6.5703
6.5658
6.5613
6.5568
6.5523
6.5478
6.5433
6.5388
6.5342
6.5297
6.5252
6.5207
6.5162
6.5117
6.5071
6.5026
6.4981
6.4936
6.4890
6.4845
6.4800
6.4755
6.4709
6.4664
6.4619
6.4574
6.4528
6.4483
6.4438
6.4392
6.4347
6.4302
6.4256
6.4211
6.4165
6.4120
6.4075
6.4029
6.3984
6.3938
6.3893
6.3847
6.3802
6.3757
6.3711
6.3666
6.3620
6.3575
6.3529
6.3484
6.3438
6.3393
6.3347
6.3301
6.3256
6.3210
6.3165
6.3119
6.3074
6.3028
6.2983
6.2937
6.2891
6.2846
6.2800
6.2754
6.2709
6.2663
6.2618
6.2572
6.2526
6.2481
6.2435
6.2389
6.2344
6.2298
6.2252
6.2207
6.2161
6.2115
6.2070
6.2024
6.1978
6.1932
6.1887
6.1841
6.1795
6.1749
6.1704
6.1658
6.1612
6.1566
6.1521
6.1475
6.1429
6.1383
6.1338
6.1292
6.1246
6.1200
6.1155
6.1109
6.1063
6.1017
6.0971
6.0926
6.0880
6.0834
6.0788
6.0742
6.0697
6.0651
6.0605
6.0559
6.0513
6.0468
6.0422
6.0376
6.0330
6.0284
6.0238
6.0193
6.0147
6.0101
6.0055
6.0009
5.9963
5.9918
5.9872
5.9826
5.9780
5.9734
5.9688
5.9643
5.9597
5.9551
5.9505
5.9463
5.9422
5.9380
5.9339
5.9297
5.9256
5.9215
5.9173
5.9132
5.9091
5.9049
5.9008
5.8967
5.8926
5.8885
5.8844
5.8803
5.8762
5.8721
5.8680
5.8639
5.8598
5.8557
5.8517
5.8476
5.8435
5.8395
5.8354
5.8313
5.8273
5.8232
5.8192
5.8152
5.8111
5.8071
5.8030
5.7990
5.7950
5.7910
5.7870
5.7829
5.7789
5.7749
5.7709
5.7669
5.7629
5.7589
5.7550
5.7510
5.7470
5.7430
5.7390
5.7351
5.7311
5.7271
5.7232
5.7192
5.7153
5.7113
5.7074
5.7034
5.6995
5.6956
5.6916
5.6877
5.6838
5.6798
5.6759
5.6720
5.6681
5.6642
5.6603
5.6564
5.6525
5.6486
5.6447
5.6408
5.6369
5.6331
5.6292
5.6253
5.6214
5.6176
5.6137
5.6099
5.6060
5.6021
5.5983
5.5945
5.5906
5.5868
5.5829
5.5791
5.5753
5.5714
5.5676
5.5638
5.5600
5.5562
5.5524
5.5486
5.5448
5.5410
5.5372
5.5334
5.5296
5.5258
5.5220
5.5182
5.5145
5.5107
5.5069
5.5032
5.4994
5.4956
5.4919
5.4881
5.4844
5.4806
5.4769
5.4732
5.4694
5.4657
5.4620
5.4582
5.4545
5.4508
5.4471
5.4434
5.4397
5.4360
5.4322
5.4285
5.4249
5.4212
5.4175
5.4138
5.4101
5.4064
5.4027
5.3991
5.3954
5.3917
5.3881
5.3844
5.3807
5.3771
5.3734
5.3698
5.3661
5.3625
5.3589
5.3552
5.3516
5.3480
5.3443
5.3407
5.3371
5.3335
5.3298
5.3262
5.3226
5.3190
5.3154
5.3118
5.3082
5.3046
5.3010
5.2975
5.2939
5.2903
5.2867
5.2831
5.2796
5.2760
5.2724
5.2689
5.2653
5.2618
5.2582
5.2547
5.2511
5.2476
5.2440
5.2405
5.2369
5.2334
5.2299
5.2264
5.2228
5.2193
5.2158
5.2123
5.2088
5.2053
5.2018
5.1983
5.1948
5.1913
5.1878
5.1843
5.1808
5.1773
5.1738
5.1704
5.1669
5.1634
5.1599
5.1565
5.1530
5.1495
5.1461
5.1426
5.1392
5.1357
5.1323
5.1288
5.1254
5.1220
5.1185
5.1151
5.1117
5.1082
5.1048
5.1014
5.0980
5.0946
5.0912
5.0878
5.0843
5.0809
5.0775
5.0741
5.0708
5.0674
5.0640
5.0606
5.0572
5.0538
5.0505
5.0471
5.0437
5.0403
5.0370
5.0336
5.0302
5.0269
5.0235
5.0202
5.0168
5.0135
5.0101
5.0068
5.0035
5.0001
4.9968
4.9935
4.9901
4.9868
4.9835
4.9802
4.9769
4.9736
4.9702
4.9669
4.9636
4.9603
4.9570
4.9537
4.9504
4.9472
4.9439
4.9406
4.9373
4.9340
4.9307
4.9275
4.9242
4.9209
4.9177
4.9144
4.9111
4.9079
4.9046
4.9014
4.8981
4.8949
4.8916
4.8884
4.8851
4.8819
4.8787
4.8754
4.8722
4.8690
4.8658
4.8625
4.8593
4.8561
4.8529
4.8497
4.8465
4.8433
4.8401
4.8369
4.8337
4.8305
4.8273
4.8241
4.8209
4.8177
4.8146
4.8114
4.8082
4.8050
4.8019
4.7987
4.7955
4.7924
4.7892
4.7860
4.7829
4.7797
4.7766
4.7734
4.7703
4.7671
4.7640
4.7609
4.7577
4.7546
4.7515
4.7483
4.7452
4.7421
4.7390
4.7359
4.7327
4.7296
4.7265
4.7234
4.7203
4.7172
4.7141
4.7110
4.7079
4.7048
4.7017
4.6987
4.6956
4.6925
4.6894
4.6863
4.6833
4.6802
4.6771
4.6740
4.6710
4.6679
4.6649
4.6618
4.6587
4.6557
4.6526
4.6496
4.6466
4.6435
4.6405
4.6374
4.6344
4.6314
4.6283
4.6253
4.6223
4.6193
4.6162
4.6132
4.6102
4.6072
4.6042
4.6012
4.5982
4.5952
4.5922
4.5892
4.5862
4.5832
4.5802
4.5772
4.5742
4.5712
4.5682
4.5653
4.5623
4.5593
4.5563
4.5534
4.5504
4.5474
4.5445
4.5415
4.5386
4.5356
4.5326
4.5297
4.5267
4.5238
4.5209
4.5179
4.5150
4.5120
4.5091
4.5062
4.5032
4.5003
4.4974
4.4945
4.4915
4.4886
4.4857
4.4828
4.4799
4.4770
4.4741
4.4712
4.4683
4.4654
4.4625
4.4596
4.4567
4.4538
4.4509
4.4480
4.4451
4.4422
4.4394
4.4365
4.4336
4.4307
4.4279
4.4250
4.4221
4.4193
4.4164
4.4135
4.4107
4.4078
4.4050
4.4021
4.3993
4.3964
4.3936
4.3908
4.3879
4.3851
4.3822
4.3794
4.3766
4.3738
4.3709
4.3681
4.3653
4.3625
4.3596
4.3568
4.3540
4.3512
4.3484
4.3456
4.3428
4.3400
4.3372
4.3344
4.3316
4.3288
4.3260
4.3232
4.3204
4.3177
4.3149
4.3121
4.3093
4.3065
4.3038
4.3010
4.2982
4.2955
4.2927
4.2899
4.2872
4.2844
4.2817
4.2789
4.2762
4.2734
4.2707
4.2679
4.2652
4.2624
4.2597
4.2569
4.2542
4.2515
4.2487
4.2460
4.2433
4.2406
4.2378
4.2351
4.2324
4.2297
4.2270
4.2243
4.2216
4.2188
4.2161
4.2134
4.2107
4.2080
4.2053
4.2026
4.2000
4.1973
4.1946
4.1919
4.1892
4.1865
4.1838
4.1812
4.1785
4.1758
4.1731
4.1705
4.1678
4.1651
4.1625
4.1598
4.1571
4.1545
4.1518
4.1492
4.1465
4.1439
4.1412
4.1386
4.1359
4.1333
4.1306
4.1280
4.1254
4.1227
4.1201
4.1175
4.1148
4.1122
4.1096
4.1070
4.1044
4.1017
4.0991
4.0965
4.0939
4.0913
4.0887
4.0861
4.0835
4.0809
4.0783
4.0757
4.0731
4.0705
4.0679
4.0653
4.0627
4.0601
4.0575
4.0549
4.0524
4.0498
4.0472
4.0446
4.0421
4.0395
4.0369
4.0344
4.0318
4.0292
4.0267
4.0241
4.0215
4.0190
4.0164
4.0139
4.0113
4.0088
4.0062
4.0037
4.0012
3.9986
3.9961
3.9935
3.9910
3.9885
3.9859
3.9834
3.9809
3.9784
3.9758
3.9733
3.9708
3.9683
3.9658
3.9633
3.9607
3.9582
3.9557
3.9532
3.9507
3.9482
3.9457
3.9432
3.9407
3.9382
3.9357
3.9332
3.9307
3.9283
3.9258
3.9233
3.9208
3.9183
3.9158
3.9134
3.9109
3.9084
3.9059
3.9035
3.9010
3.8985
3.8961
3.8936
3.8912
3.8887
3.8862
3.8838
3.8813
3.8789
3.8764
3.8740
3.8715
3.8691
3.8667
3.8642
3.8618
3.8593
3.8569
3.8545
3.8520
3.8496
3.8472
3.8448
3.8423
3.8399
3.8375
3.8351
3.8327
3.8302
3.8278
3.8254
3.8230
3.8206
3.8182
3.8158
3.8134
3.8110
3.8086
3.8062
3.8038
3.8014
3.7990
3.7966
3.7942
3.7918
3.7895
3.7871
3.7847
3.7823
3.7799
3.7776
3.7752
3.7728
3.7704
3.7681
3.7657
3.7633
3.7610
3.7586
3.7562
3.7539
3.7515
3.7492
3.7468
3.7445
3.7421
3.7398
3.7374
3.7351
3.7327
3.7304
3.7280
3.7257
3.7234
3.7210
3.7187
3.7164
3.7140
3.7117
3.7094
3.7071
3.7047
3.7024
3.7001
3.6978
3.6955
3.6931
3.6908
3.6885
3.6862
3.6839
3.6816
3.6793
3.6770
3.6747
3.6724
3.6701
3.6678
3.6655
3.6632
3.6609
3.6586
3.6563
3.6540
3.6518
3.6495
3.6472
3.6449
3.6426
3.6404
3.6381
3.6358
3.6335
3.6313
3.6290
3.6267
3.6245
3.6222
3.6199
3.6177
3.6154
3.6132
3.6109
3.6086
3.6064
3.6041
3.6019
3.5996
3.5974
3.5952
3.5929
3.5907
3.5884
3.5862
3.5840
3.5817
3.5795
3.5773
3.5750
3.5728
3.5706
3.5683
3.5661
3.5639
3.5617
3.5595
3.5572
3.5550
3.5528
3.5506
3.5484
3.5462
3.5440
3.5418
3.5396
3.5374
3.5351
3.5329
3.5307
3.5286
3.5264
3.5242
3.5220
3.5198
3.5176
3.5154
3.5132
3.5110
3.5088
3.5067
3.5045
3.5023
3.5001
3.4980
3.4958
3.4936
3.4914
3.4893
3.4871
3.4849
3.4828
3.4806
3.4784
3.4763
3.4741
3.4720
3.4698
3.4677
3.4655
3.4634
3.4612
3.4591
3.4569
3.4548
3.4526
3.4505
3.4483
3.4462
3.4441
3.4419
3.4398
3.4377
3.4355
3.4334
3.4313
3.4291
3.4270
3.4249
3.4228
3.4206
3.4185
3.4164
3.4143
3.4122
3.4101
3.4079
3.4058
3.4037
3.4016
3.3995
3.3974
3.3953
3.3932
3.3911
3.3890
3.3869
3.3848
3.3827
3.3806
3.3785
3.3764
3.3744
3.3723
3.3702
3.3681
3.3660
3.3639
3.3618
3.3598
3.3577
3.3556
3.3535
3.3515
3.3494
3.3473
3.3453
3.3432
3.3411
3.3391
3.3370
3.3349
3.3329
3.3308
3.3288
3.3267
3.3246
3.3226
3.3205
3.3185
3.3164
3.3144
3.3124
3.3103
3.3083
3.3062
3.3042
3.3021
3.3001
3.2981
3.2960
3.2940
3.2920
3.2899
3.2879
3.2859
3.2839
3.2818
3.2798
3.2778
3.2758
3.2737
3.2717
3.2697
3.2677
3.2657
3.2637
3.2617
3.2596
3.2576
3.2556
3.2536
3.2516
3.2496
3.2476
3.2456
3.2436
3.2416
3.2396
3.2376
3.2356
3.2336
3.2317
3.2297
3.2277
3.2257
3.2237
3.2217
3.2197
3.2178
3.2158
3.2138
3.2118
3.2098
3.2079
3.2059
3.2039
3.2020
3.2000
3.1980
3.1961
3.1941
3.1921
3.1902
3.1882
3.1862
3.1843
3.1823
3.1804
3.1784
3.1765
3.1745
3.1726
3.1706
3.1687
3.1667
3.1648
3.1628
3.1609
3.1589
3.1570
3.1551
3.1531
3.1512
3.1493
3.1473
3.1454
3.1435
3.1415
3.1396
3.1377
3.1357
3.1338
3.1319
3.1300
3.1281
3.1261
3.1242
3.1223
3.1204
3.1185
3.1166
3.1146
3.1127
3.1108
3.1089
3.1070
3.1051
3.1032
3.1013
3.0994
3.0975
3.0956
3.0937
3.0918
3.0899
3.0880
3.0861
3.0842
3.0823
3.0805
3.0786
3.0767
3.0748
3.0729
3.0710
3.0692
3.0673
3.0654
3.0635
3.0616
3.0598
3.0579
3.0560
3.0542
3.0523
3.0504
3.0485
3.0467
3.0448
3.0430
3.0411
3.0392
3.0374
3.0355
3.0337
3.0318
3.0299
3.0281
3.0262
3.0244
3.0225
3.0207
3.0188
3.0170
3.0151
3.0133
3.0115
3.0096
3.0078
3.0059
3.0041
3.0023
3.0004
2.9986
2.9968
2.9949
2.9931
2.9913
2.9894
2.9876
2.9858
2.9840
2.9821
2.9803
2.9785
2.9767
2.9749
2.9730
2.9712
2.9694
2.9676
2.9658
2.9640
2.9622
2.9604
2.9585
2.9567
2.9549
2.9531
2.9513
2.9495
2.9477
2.9459
2.9441
2.9423
2.9405
2.9387
2.9369
2.9352
2.9334
2.9316
2.9298
2.9280
2.9262
2.9244
2.9226
2.9209
2.9191
2.9173
2.9155
2.9137
2.9120
2.9102
2.9084
2.9066
2.9049
2.9031
2.9013
2.8995
2.8978
2.8960
2.8942
2.8925
2.8907
2.8890
2.8872
2.8854
2.8837
2.8819
2.8802
2.8784
2.8767
2.8749
2.8731
2.8714
2.8696
2.8679
2.8662
2.8644
2.8627
2.8609
2.8592
2.8574
2.8557
2.8539
2.8522
2.8505
2.8487
2.8470
2.8453
2.8435
2.8418
2.8401
2.8383
2.8366
2.8349
2.8332
2.8314
2.8297
2.8280
2.8263
2.8245
2.8228
2.8211
2.8194
2.8177
2.8160
2.8142
2.8125
2.8108
2.8091
2.8074
2.8057
2.8040
2.8023
2.8006
2.7989
2.7972
2.7955
2.7938
2.7921
2.7904
2.7887
2.7870
2.7853
2.7836
2.7819
2.7802
2.7785
2.7768
2.7751
2.7734
2.7718
2.7701
2.7684
2.7667
2.7650
2.7633
2.7617
2.7600
2.7583
2.7566
2.7549
2.7533
2.7516
2.7499
2.7482
2.7466
2.7449
2.7432
2.7416
2.7399
2.7382
2.7366
2.7349
2.7333
2.7316
2.7299
2.7283
2.7266
2.7250
2.7233
2.7216
2.7200
2.7183
2.7167
2.7150
2.7134
2.7117
2.7101
2.7084
2.7068
2.7052
2.7035
2.7019
2.7002
2.6986
2.6969
2.6953
2.6937
2.6920
2.6904
2.6888
2.6871
2.6855
2.6839
2.6822
2.6806
2.6790
2.6774
2.6757
2.6741
2.6725
2.6709
2.6692
2.6676
2.6660
2.6644
2.6628
2.6611
2.6595
2.6579
2.6563
2.6547
2.6531
2.6515
2.6499
2.6482
2.6466
2.6450
2.6434
2.6418
2.6402
2.6386
2.6370
2.6354
2.6338
2.6322
2.6306
2.6290
2.6274
2.6258
2.6242
2.6226
2.6211
2.6195
2.6179
2.6163
2.6147
2.6131
2.6115
2.6099
2.6084
2.6068
2.6052
2.6036
2.6020
2.6005
2.5989
2.5973
2.5957
2.5942
2.5926
2.5910
2.5894
2.5879
2.5863
2.5847
2.5832
2.5816
2.5800
2.5785
2.5769
2.5753
2.5738
2.5722
2.5706
2.5691
2.5675
2.5660
2.5644
2.5629
2.5613
2.5598
2.5582
2.5567
2.5551
2.5536
2.5520
2.5505
2.5489
2.5474
2.5458
2.5443
2.5427
2.5412
2.5396
2.5381
2.5366
2.5350
2.5335
2.5320
2.5304
2.5289
2.5274
2.5258
2.5243
2.5228
2.5212
2.5197
2.5182
2.5166
2.5151
2.5136
2.5121
2.5105
2.5090
2.5075
2.5060
2.5045
2.5029
2.5014
2.4999
2.4984
2.4969
2.4954
2.4939
2.4923
2.4908
2.4893
2.4878
2.4863
2.4848
2.4833
2.4818
2.4803
2.4788
2.4773
2.4758
2.4743
2.4728
2.4713
2.4698
2.4683
2.4668
2.4653
2.4638
2.4623
2.4608
2.4593
2.4578
2.4563
2.4548
2.4534
2.4519
2.4504
2.4489
2.4474
2.4459
2.4444
2.4430
2.4415
2.4400
2.4385
2.4370
2.4356
2.4341
2.4326
2.4311
2.4297
2.4282
2.4267
2.4253
2.4238
2.4223
2.4208
2.4194
2.4179
2.4164
2.4150
2.4135
2.4121
2.4106
2.4091
2.4077
2.4062
2.4048
2.4033
2.4018
2.4004
2.3989
2.3975
2.3960
2.3946
2.3931
2.3917
2.3902
2.3888
2.3873
2.3859
2.3844
2.3830
2.3815
2.3801
2.3786
2.3772
2.3758
2.3743
2.3729
2.3714
2.3700
2.3686
2.3671
2.3657
2.3643
2.3628
2.3614
2.3600
2.3585
2.3571
2.3557
2.3543
2.3528
2.3514
2.3500
2.3485
2.3471
2.3457
2.3443
2.3429
2.3414
2.3400
2.3386
2.3372
2.3358
2.3343
2.3329
2.3315
2.3301
2.3287
2.3273
2.3259
2.3245
2.3230
2.3216
2.3202
2.3188
2.3174
2.3160
2.3146
2.3132
2.3118
2.3104
2.3090
2.3076
2.3062
2.3048
2.3034
2.3020
2.3006
2.2992
2.2978
2.2964
2.2950
2.2936
2.2922
2.2909
2.2895
2.2881
2.2867
2.2853
2.2839
2.2825
2.2811
2.2798
2.2784
2.2770
2.2756
2.2742
2.2729
2.2715
2.2701
2.2687
2.2673
2.2660
2.2646
2.2632
2.2618
2.2605
2.2591
2.2577
2.2564
2.2550
2.2536
2.2523
2.2509
2.2495
2.2482
2.2468
2.2454
2.2441
2.2427
2.2413
2.2400
2.2386
2.2373
2.2359
2.2345
2.2332
2.2318
2.2305
2.2291
2.2278
2.2264
2.2251
2.2237
2.2224
2.2210
2.2197
2.2183
2.2170
2.2156
2.2143
2.2129
2.2116
2.2102
2.2089
2.2076
2.2062
2.2049
2.2035
2.2022
2.2009
2.1995
2.1982
2.1969
2.1955
2.1942
2.1929
2.1915
2.1902
2.1889
2.1875
2.1862
2.1849
2.1836
2.1822
2.1809
2.1796
2.1782
2.1769
2.1756
2.1743
2.1730
2.1716
2.1703
2.1690
2.1677
2.1664
2.1650
2.1637
2.1624
2.1611
2.1598
2.1585
2.1572
2.1559
2.1545
2.1532
2.1519
2.1506
2.1493
2.1480
2.1467
2.1454
2.1441
2.1428
2.1415
2.1402
2.1389
2.1376
2.1363
2.1350
2.1337
2.1324
2.1311
2.1298
2.1285
2.1272
2.1259
2.1246
2.1233
2.1220
2.1207
2.1194
2.1181
2.1169
2.1156
2.1143
2.1130
2.1117
2.1104
2.1091
2.1079
2.1066
2.1053
2.1040
2.1027
2.1014
2.1002
2.0989
2.0976
2.0963
2.0951
2.0938
2.0925
2.0912
2.0900
2.0887
2.0874
2.0861
2.0849
2.0836
2.0823
2.0811
2.0798
2.0785
2.0773
2.0760
2.0747
2.0735
2.0722
2.0709
2.0697
2.0684
2.0672
2.0659
2.0646
2.0634
2.0621
2.0609
2.0596
2.0584
2.0571
2.0559
2.0546
2.0533
2.0521
2.0508
2.0496
2.0483
2.0471
2.0458
2.0446
2.0434
2.0421
2.0409
2.0396
2.0384
2.0371
2.0359
2.0346
2.0334
2.0322
2.0309
2.0297
2.0284
2.0272
2.0260
2.0247
2.0235
2.0223
2.0210
2.0198
2.0186
2.0173
2.0161
2.0149
2.0136
2.0124
2.0112
2.0100
2.0087
2.0075
2.0063
2.0050
2.0038
2.0026
2.0014
2.0002
1.9989
1.9977
1.9965
1.9953
1.9941
1.9928
1.9916
1.9904
1.9892
1.9880
1.9868
1.9855
1.9843
1.9831
1.9819
1.9807
1.9795
1.9783
1.9771
1.9758
1.9746
1.9734
1.9722
1.9710
1.9698
1.9686
1.9674
1.9662
1.9650
1.9638
1.9626
1.9614
1.9602
1.9590
1.9578
1.9566
1.9554
1.9542
1.9530
1.9518
1.9506
1.9494
1.9482
1.9470
1.9458
1.9447
1.9435
1.9423
1.9411
1.9399
1.9387
1.9375
1.9363
1.9351
1.9340
1.9328
1.9316
1.9304
1.9292
1.9280
1.9269
1.9257
1.9245
1.9233
1.9221
1.9210
1.9198
1.9186
1.9174
1.9163
1.9151
1.9139
1.9127
1.9116
1.9104
1.9092
1.9080
1.9069
1.9057
1.9045
1.9034
1.9022
1.9010
1.8999
1.8987
1.8975
1.8964
1.8952
1.8940
1.8929
1.8917
1.8906
1.8894
1.8882
1.8871
1.8859
1.8848
1.8836
1.8825
1.8813
1.8801
1.8790
1.8778
1.8767
1.8755
1.8744
1.8732
1.8721
1.8709
1.8698
1.8686
1.8675
1.8663
1.8652
1.8640
1.8629
1.8617
1.8606
1.8594
1.8583
1.8572
1.8560
1.8549
1.8537
1.8526
1.8515
1.8503
1.8492
1.8480
1.8469
1.8458
1.8446
1.8435
1.8424
1.8412
1.8401
1.8390
1.8378
1.8367
1.8356
1.8344
1.8333
1.8322
1.8310
1.8299
1.8288
1.8277
1.8265
1.8254
1.8243
1.8232
1.8220
1.8209
1.8198
1.8187
1.8175
1.8164
1.8153
1.8142
1.8131
1.8120
1.8108
1.8097
1.8086
1.8075
1.8064
1.8053
1.8041
1.8030
1.8019
1.8008
1.7997
1.7986
1.7975
1.7964
1.7952
1.7941
1.7930
1.7919
1.7908
1.7897
1.7886
1.7875
1.7864
1.7853
1.7842
1.7831
1.7820
1.7809
1.7798
1.7787
1.7776
1.7765
1.7754
1.7743
1.7732
1.7721
1.7710
1.7699
1.7688
1.7677
1.7666
1.7655
1.7644
1.7633
1.7623
1.7612
1.7601
1.7590
1.7579
1.7568
1.7557
1.7546
1.7535
1.7525
1.7514
1.7503
1.7492
1.7481
1.7470
1.7460
1.7449
1.7438
1.7427
1.7416
1.7405
1.7395
1.7384
1.7373
1.7362
1.7352
1.7341
1.7330
1.7319
1.7309
1.7298
1.7287
1.7276
1.7266
1.7255
1.7244
1.7234
1.7223
1.7212
1.7201
1.7191
1.7180
1.7169
1.7159
1.7148
1.7137
1.7127
1.7116
1.7106
1.7095
1.7084
1.7074
1.7063
1.7052
1.7042
1.7031
1.7021
1.7010
1.6999
1.6989
1.6978
1.6968
1.6957
1.6947
1.6936
1.6926
1.6915
1.6904
1.6894
1.6883
1.6873
1.6862
1.6852
1.6841
1.6831
1.6820
1.6810
1.6800
1.6789
1.6779
1.6768
1.6758
1.6747
1.6737
1.6726
1.6716
1.6706
1.6695
1.6685
1.6674
1.6664
1.6653
1.6643
1.6633
1.6622
1.6612
1.6602
1.6591
1.6581
1.6570
1.6560
1.6550
1.6539
1.6529
1.6519
1.6508
1.6498
1.6488
1.6478
1.6467
1.6457
1.6447
1.6436
1.6426
1.6416
1.6406
1.6395
1.6385
1.6375
1.6365
1.6354
1.6344
1.6334
1.6324
1.6313
1.6303
1.6293
1.6283
1.6273
1.6262
1.6252
1.6242
1.6232
1.6222
1.6212
1.6201
1.6191
1.6181
1.6171
1.6161
1.6151
1.6141
1.6130
1.6120
1.6110
1.6100
1.6090
1.6080
1.6070
1.6060
1.6050
1.6040
1.6030
1.6019
1.6009
1.5999
1.5989
1.5979
1.5969
1.5959
1.5949
1.5939
1.5929
1.5919
1.5909
1.5899
1.5889
1.5879
1.5869
1.5859
1.5849
1.5839
1.5829
1.5819
1.5809
1.5799
1.5789
1.5780
1.5770
1.5760
1.5750
1.5740
1.5730
1.5720
1.5710
1.5700
1.5690
1.5680
1.5671
1.5661
1.5651
1.5641
1.5631
1.5621
1.5611
1.5602
1.5592
1.5582
1.5572
1.5562
1.5552
1.5543
1.5533
1.5523
1.5513
1.5503
1.5494
1.5484
1.5474
1.5464
1.5454
1.5445
1.5435
1.5425
1.5415
1.5406
1.5396
1.5386
1.5376
1.5367
1.5357
1.5347
1.5338
1.5328
1.5318
1.5309
1.5299
1.5289
1.5279
1.5270
1.5260
1.5250
1.5241
1.5231
1.5221
1.5212
1.5202
1.5193
1.5183
1.5173
1.5164
1.5154
1.5144
1.5135
1.5125
1.5116
1.5106
1.5096
1.5087
1.5077
1.5068
1.5058
1.5049
1.5039
1.5030
1.5020
1.5010
1.5001
1.4991
1.4982
1.4972
1.4963
1.4953
1.4944
1.4934
1.4925
1.4915
1.4906
1.4896
1.4887
1.4877
1.4868
1.4858
1.4849
1.4840
1.4830
1.4821
1.4811
1.4802
1.4792
1.4783
1.4773
1.4764
1.4755
1.4745
1.4736
1.4726
1.4717
1.4708
1.4698
1.4689
1.4680
1.4670
1.4661
1.4651
1.4642
1.4633
1.4623
1.4614
1.4605
1.4595
1.4586
1.4577
1.4567
1.4558
1.4549
1.4539
1.4530
1.4521
1.4512
1.4502
1.4493
1.4484
1.4474
1.4465
1.4456
1.4447
1.4437
1.4428
1.4419
1.4410
1.4401
1.4391
1.4382
1.4373
1.4364
1.4354
1.4345
1.4336
1.4327
1.4318
1.4308
1.4299
1.4290
1.4281
1.4272
1.4263
1.4253
1.4244
1.4235
1.4226
1.4217
1.4208
1.4199
1.4189
1.4180
1.4171
1.4162
1.4153
1.4144
1.4135
1.4126
1.4117
1.4108
1.4098
1.4089
1.4080
1.4071
1.4062
1.4053
1.4044
1.4035
1.4026
1.4017
1.4008
1.3999
1.3990
1.3981
1.3972
1.3963
1.3954
1.3945
1.3936
1.3927
1.3918
1.3909
1.3900
1.3891
1.3882
1.3873
1.3864
1.3855
1.3846
1.3837
1.3828
1.3819
1.3810
1.3801
1.3792
1.3783
1.3775
1.3766
1.3757
1.3748
1.3739
1.3730
1.3721
1.3712
1.3703
1.3695
1.3686
1.3677
1.3668
1.3659
1.3650
1.3641
1.3632
1.3624
1.3615
1.3606
1.3597
1.3588
1.3579
1.3571
1.3562
1.3553
1.3544
1.3535
1.3527
1.3518
1.3509
1.3500
1.3492
1.3483
1.3474
1.3465
1.3456
1.3448
1.3439
1.3430
1.3421
1.3413
1.3404
1.3395
1.3387
1.3378
1.3369
1.3360
1.3352
1.3343
1.3334
1.3326
1.3317
1.3308
1.3299
1.3291
1.3282
1.3273
1.3265
1.3256
1.3247
1.3239
1.3230
1.3222
1.3213
1.3204
1.3196
1.3187
1.3178
1.3170
1.3161
1.3153
1.3144
1.3135
1.3127
1.3118
1.3110
1.3101
1.3092
1.3084
1.3075
1.3067
1.3058
1.3050
1.3041
1.3032
1.3024
1.3015
1.3007
1.2998
1.2990
1.2981
1.2973
1.2964
1.2956
1.2947
1.2939
1.2930
1.2922
1.2913
1.2905
1.2896
1.2888
1.2879
1.2871
1.2862
1.2854
1.2845
1.2837
1.2828
1.2820
1.2812
1.2803
1.2795
1.2786
1.2778
1.2769
1.2761
1.2753
1.2744
1.2736
1.2727
1.2719
1.2711
1.2702
1.2694
1.2685
1.2677
1.2669
1.2660
1.2652
1.2644
1.2635
1.2627
1.2618
1.2610
1.2602
1.2593
1.2585
1.2577
1.2568
1.2560
1.2552
1.2544
1.2535
1.2527
1.2519
1.2510
1.2502
1.2494
1.2485
1.2477
1.2469
1.2461
1.2452
1.2444
1.2436
1.2428
1.2419
1.2411
1.2403
1.2395
1.2386
1.2378
1.2370
1.2362
1.2353
1.2345
1.2337
1.2329
1.2321
1.2312
1.2304
1.2296
1.2288
1.2280
1.2271
1.2263
1.2255
1.2247
1.2239
1.2231
1.2222
1.2214
1.2206
1.2198
1.2190
1.2182
1.2174
1.2165
1.2157
1.2149
1.2141
1.2133
1.2125
1.2117
1.2109
1.2100
1.2092
1.2084
1.2076
1.2068
1.2060
1.2052
1.2044
1.2036
1.2028
1.2020
1.2012
1.2004
1.1996
1.1987
1.1979
1.1971
1.1963
1.1955
1.1947
1.1939
1.1931
1.1923
1.1915
1.1907
1.1899
1.1891
1.1883
1.1875
1.1867
1.1859
1.1851
1.1843
1.1835
1.1827
1.1819
1.1811
1.1803
1.1796
1.1788
1.1780
1.1772
1.1764
1.1756
1.1748
1.1740
1.1732
1.1724
1.1716
1.1708
1.1700
1.1692
1.1685
1.1677
1.1669
1.1661
1.1653
1.1645
1.1637
1.1629
1.1621
1.1614
1.1606
1.1598
1.1590
1.1582
1.1574
1.1566
1.1559
1.1551
1.1543
1.1535
1.1527
1.1519
1.1512
1.1504
1.1496
1.1488
1.1480
1.1473
1.1465
1.1457
1.1449
1.1441
1.1434
1.1426
1.1418
1.1410
1.1403
1.1395
1.1387
1.1379
1.1372
1.1364
1.1356
1.1348
1.1341
1.1333
1.1325
1.1317
1.1310
1.1302
1.1294
1.1286
1.1279
1.1271
1.1263
1.1256
1.1248
1.1240
1.1233
1.1225
1.1217
1.1210
1.1202
1.1194
1.1187
1.1179
1.1171
1.1164
1.1156
1.1148
1.1141
1.1133
1.1125
1.1118
1.1110
1.1102
1.1095
1.1087
1.1080
1.1072
1.1064
1.1057
1.1049
1.1042
1.1034
1.1026
1.1019
1.1011
1.1004
1.0996
1.0988
1.0981
1.0973
1.0966
1.0958
1.0951
1.0943
1.0936
1.0928
1.0920
1.0913
1.0905
1.0898
1.0890
1.0883
1.0875
1.0868
1.0860
1.0853
1.0845
1.0838
1.0830
1.0823
1.0815
1.0808
1.0800
1.0793
1.0785
1.0778
1.0770
1.0763
1.0755
1.0748
1.0740
1.0733
1.0726
1.0718
1.0711
1.0703
1.0696
1.0688
1.0681
1.0674
1.0666
1.0659
1.0651
1.0644
1.0636
1.0629
1.0622
1.0614
1.0607
1.0599
1.0592
1.0585
1.0577
1.0570
1.0563
1.0555
1.0548
1.0540
1.0533
1.0526
1.0518
1.0511
1.0504
1.0496
1.0489
1.0482
1.0474
1.0467
1.0460
1.0452
1.0445
1.0438
1.0430
1.0423
1.0416
1.0408
1.0401
1.0394
1.0386
1.0379
1.0372
1.0365
1.0357
1.0350
1.0343
1.0336
1.0328
1.0321
1.0314
1.0306
1.0299
1.0292
1.0285
1.0277
1.0270
1.0263
1.0256
1.0249
1.0241
1.0234
1.0227
1.0220
1.0212
1.0205
1.0198
1.0191
1.0184
1.0176
1.0169
1.0162
1.0155
1.0148
1.0140
1.0133
1.0126
1.0119
1.0112
1.0105
1.0097
1.0090
1.0083
1.0076
1.0069
1.0062
1.0055
1.0047
1.0040
1.0033
1.0026
1.0019
1.0012
1.0005
0.9997
0.9990
0.9983
0.9976
0.9969
0.9962
0.9955
0.9948
0.9941
0.9934
0.9926
0.9919
0.9912
0.9905
0.9898
0.9891
0.9884
0.9877
0.9870
0.9863
0.9856
0.9849
0.9842
0.9835
0.9828
0.9821
0.9814
0.9807
0.9800
0.9793
0.9785
0.9778
0.9771
0.9764
0.9757
0.9750
0.9743
0.9736
0.9729
0.9722
0.9715
0.9708
0.9701
0.9695
0.9688
0.9681
0.9674
0.9667
0.9660
0.9653
0.9646
0.9639
0.9632
0.9625
0.9618
0.9611
0.9604
0.9597
0.9590
0.9583
0.9576
0.9569
0.9562
0.9556
0.9549
0.9542
0.9535
0.9528
0.9521
0.9514
0.9507
0.9500
0.9493
0.9487
0.9480
0.9473
0.9466
0.9459
0.9452
0.9445
0.9438
0.9432
0.9425
0.9418
0.9411
0.9404
0.9397
0.9391
0.9384
0.9377
0.9370
0.9363
0.9356
0.9350
0.9343
0.9336
0.9329
0.9322
0.9315
0.9309
0.9302
0.9295
0.9288
0.9281
0.9275
0.9268
0.9261
0.9254
0.9248
0.9241
0.9234
0.9227
0.9220
0.9214
0.9207
0.9200
0.9193
0.9187
0.9180
0.9173
0.9166
0.9160
0.9153
0.9146
0.9139
0.9133
0.9126
0.9119
0.9113
0.9106
0.9099
0.9092
0.9086
0.9079
0.9072
0.9066
0.9059
0.9052
0.9046
0.9039
0.9032
0.9026
0.9019
0.9012
0.9006
0.8999
0.8992
0.8986
0.8979
0.8972
0.8966
0.8959
0.8952
0.8946
0.8939
0.8932
0.8926
0.8919
0.8912
0.8906
0.8899
0.8893
0.8886
0.8879
0.8873
0.8866
0.8859
0.8853
0.8846
0.8840
0.8833
0.8827
0.8820
0.8813
0.8807
0.8800
0.8794
0.8787
0.8780
0.8774
0.8767
0.8761
0.8754
0.8748
0.8741
0.8735
0.8728
0.8721
0.8715
0.8708
0.8702
0.8695
0.8689
0.8682
0.8676
0.8669
0.8663
0.8656
0.8650
0.8643
0.8637
0.8630
0.8624
0.8617
0.8611
0.8604
0.8598
0.8591
0.8585
0.8578
0.8572
0.8565
0.8559
0.8552
0.8546
0.8539
0.8533
0.8526
0.8520
0.8514
0.8507
0.8501
0.8494
0.8488
0.8481
0.8475
0.8468
0.8462
0.8456
0.8449
0.8443
0.8436
0.8430
0.8423
0.8417
0.8411
0.8404
0.8398
0.8391
0.8385
0.8379
0.8372
0.8366
0.8359
0.8353
0.8347
0.8340
0.8334
0.8328
0.8321
0.8315
0.8309
0.8302
0.8296
0.8289
0.8283
0.8277
0.8270
0.8264
0.8258
0.8251
0.8245
0.8239
0.8232
0.8226
0.8220
0.8213
0.8207
0.8201
0.8194
0.8188
0.8182
0.8176
0.8169
0.8163
0.8157
0.8150
0.8144
0.8138
0.8131
0.8125
0.8119
0.8113
0.8106
0.8100
0.8094
0.8088
0.8081
0.8075
0.8069
0.8062
0.8056
0.8050
0.8044
0.8037
0.8031
0.8025
0.8019
0.8013
0.8006
0.8000
0.7994
0.7988
0.7981
0.7975
0.7969
0.7963
0.7957
0.7950
0.7944
0.7938
0.7932
0.7926
0.7919
0.7913
0.7907
0.7901
0.7895
0.7888
0.7882
0.7876
0.7870
0.7864
0.7858
0.7851
0.7845
0.7839
0.7833
0.7827
0.7821
0.7814
0.7808
0.7802
0.7796
0.7790
0.7784
0.7778
0.7771
0.7765
0.7759
0.7753
0.7747
0.7741
0.7735
0.7729
0.7722
0.7716
0.7710
0.7704
0.7698
0.7692
0.7686
0.7680
0.7674
0.7668
0.7662
0.7655
0.7649
0.7643
0.7637
0.7631
0.7625
0.7619
0.7613
0.7607
0.7601
0.7595
0.7589
0.7583
0.7577
0.7571
0.7565
0.7558
0.7552
0.7546
0.7540
0.7534
0.7528
0.7522
0.7516
0.7510
0.7504
0.7498
0.7492
0.7486
0.7480
0.7474
0.7468
0.7462
0.7456
0.7450
0.7444
0.7438
0.7432
0.7426
0.7420
0.7414
0.7408
0.7402
0.7396
0.7390
0.7384
0.7378
0.7373
0.7367
0.7361
0.7355
0.7349
0.7343
0.7337
0.7331
0.7325
0.7319
0.7313
0.7307
0.7301
0.7295
0.7289
0.7283
0.7277
0.7272
0.7266
0.7260
0.7254
0.7248
0.7242
0.7236
0.7230
0.7224
0.7218
0.7213
0.7207
0.7201
0.7195
0.7189
0.7183
0.7177
0.7171
0.7165
0.7160
0.7154
0.7148
0.7142
0.7136
0.7130
0.7124
0.7119
0.7113
0.7107
0.7101
0.7095
0.7089
0.7084
0.7078
0.7072
0.7066
0.7060
0.7054
0.7049
0.7043
0.7037
0.7031
0.7025
0.7019
0.7014
0.7008
0.7002
0.6996
0.6990
0.6985
0.6979
0.6973
0.6967
0.6961
0.6956
0.6950
0.6944
0.6938
0.6933
0.6927
0.6921
0.6915
0.6910
0.6904
0.6898
0.6892
0.6886
0.6881
0.6875
0.6869
0.6863
0.6858
0.6852
0.6846
0.6841
0.6835
0.6829
0.6823
0.6818
0.6812
0.6806
0.6800
0.6795
0.6789
0.6783
0.6778
0.6772
0.6766
0.6760
0.6755
0.6749
0.6743
0.6738
0.6732
0.6726
0.6721
0.6715
0.6709
0.6704
0.6698
0.6692
0.6687
0.6681
0.6675
0.6670
0.6664
0.6658
0.6653
0.6647
0.6641
0.6636
0.6630
0.6624
0.6619
0.6613
0.6607
0.6602
0.6596
0.6590
0.6585
0.6579
0.6574
0.6568
0.6562
0.6557
0.6551
0.6546
0.6540
0.6534
0.6529
0.6523
0.6517
0.6512
0.6506
0.6501
0.6495
0.6490
0.6484
0.6478
0.6473
0.6467
0.6462
0.6456
0.6450
0.6445
0.6439
0.6434
0.6428
0.6423
0.6417
0.6411
0.6406
0.6400
0.6395
0.6389
0.6384
0.6378
0.6373
0.6367
0.6362
0.6356
0.6351
0.6345
0.6339
0.6334
0.6328
0.6323
0.6317
0.6312
0.6306
0.6301
0.6295
0.6290
0.6284
0.6279
0.6273
0.6268
0.6262
0.6257
0.6251
0.6246
0.6240
0.6235
0.6229
0.6224
0.6218
0.6213
0.6207
0.6202
0.6197
0.6191
0.6186
0.6180
0.6175
0.6169
0.6164
0.6158
0.6153
0.6147
0.6142
0.6137
0.6131
0.6126
0.6120
0.6115
0.6109
0.6104
0.6098
0.6093
0.6088
0.6082
0.6077
0.6071
0.6066
0.6061
0.6055
0.6050
0.6044
0.6039
0.6033
0.6028
0.6023
0.6017
0.6012
0.6007
0.6001
0.5996
0.5990
0.5985
0.5980
0.5974
0.5969
0.5963
0.5958
0.5953
0.5947
0.5942
0.5937
0.5931
0.5926
0.5921
0.5915
0.5910
0.5904
0.5899
0.5894
0.5888
0.5883
0.5878
0.5872
0.5867
0.5862
0.5856
0.5851
0.5846
0.5840
0.5835
0.5830
0.5825
0.5819
0.5814
0.5809
0.5803
0.5798
0.5793
0.5787
0.5782
0.5777
0.5771
0.5766
0.5761
0.5756
0.5750
0.5745
0.5740
0.5734
0.5729
0.5724
0.5719
0.5713
0.5708
0.5703
0.5698
0.5692
0.5687
0.5682
0.5676
0.5671
0.5666
0.5661
0.5655
0.5650
0.5645
0.5640
0.5635
0.5629
0.5624
0.5619
0.5614
0.5608
0.5603
0.5598
0.5593
0.5587
0.5582
0.5577
0.5572
0.5567
0.5561
0.5556
0.5551
0.5546
0.5541
0.5535
0.5530
0.5525
0.5520
0.5515
0.5509
0.5504
0.5499
0.5494
0.5489
0.5483
0.5478
0.5473
0.5468
0.5463
0.5458
0.5452
0.5447
0.5442
0.5437
0.5432
0.5427
0.5421
0.5416
0.5411
0.5406
0.5401
0.5396
0.5391
0.5385
0.5380
0.5375
0.5370
0.5365
0.5360
0.5355
0.5350
0.5344
0.5339
0.5334
0.5329
0.5324
0.5319
0.5314
0.5309
0.5304
0.5298
0.5293
0.5288
0.5283
0.5278
0.5273
0.5268
0.5263
0.5258
0.5253
0.5247
0.5242
0.5237
0.5232
0.5227
0.5222
0.5217
0.5212
0.5207
0.5202
0.5197
0.5192
0.5187
0.5182
0.5176
0.5171
0.5166
0.5161
0.5156
0.5151
0.5146
0.5141
0.5136
0.5131
0.5126
0.5121
0.5116
0.5111
0.5106
0.5101
0.5096
0.5091
0.5086
0.5081
0.5076
0.5071
0.5066
0.5061
0.5056
0.5051
0.5046
0.5041
0.5036
0.5031
0.5026
0.5021
0.5016
0.5011
0.5006
0.5001
0.4996
0.4991
0.4986
0.4981
0.4976
0.4971
0.4966
0.4961
0.4956
0.4951
0.4946
0.4941
0.4936
0.4931
0.4926
0.4921
0.4916
0.4911
0.4906
0.4901
0.4897
0.4892
0.4887
0.4882
0.4877
0.4872
0.4867
0.4862
0.4857
0.4852
0.4847
0.4842
0.4837
0.4832
0.4827
0.4823
0.4818
0.4813
0.4808
0.4803
0.4798
0.4793
0.4788
0.4783
0.4778
0.4774
0.4769
0.4764
0.4759
0.4754
0.4749
0.4744
0.4739
0.4734
0.4730
0.4725
0.4720
0.4715
0.4710
0.4705
0.4700
0.4695
0.4691
0.4686
0.4681
0.4676
0.4671
0.4666
0.4661
0.4657
0.4652
0.4647
0.4642
0.4637
0.4632
0.4628
0.4623
0.4618
0.4613
0.4608
0.4603
0.4599
0.4594
0.4589
0.4584
0.4579
0.4574
0.4570
0.4565
0.4560
0.4555
0.4550
0.4546
0.4541
0.4536
0.4531
0.4526
0.4522
0.4517
0.4512
0.4507
0.4502
0.4498
0.4493
0.4488
0.4483
0.4478
0.4474
0.4469
0.4464
0.4459
0.4455
0.4450
0.4445
0.4440
0.4435
0.4431
0.4426
0.4421
0.4416
0.4412
0.4407
0.4402
0.4397
0.4393
0.4388
0.4383
0.4378
0.4374
0.4369
0.4364
0.4360
0.4355
0.4350
0.4345
0.4341
0.4336
0.4331
0.4326
0.4322
0.4317
0.4312
0.4308
0.4303
0.4298
0.4293
0.4289
0.4284
0.4279
0.4275
0.4270
0.4265
0.4261
0.4256
0.4251
0.4246
0.4242
0.4237
0.4232
0.4228
0.4223
0.4218
0.4214
0.4209
0.4204
0.4200
0.4195
0.4190
0.4186
0.4181
0.4176
0.4172
0.4167
0.4162
0.4158
0.4153
0.4148
0.4144
0.4139
0.4134
0.4130
0.4125
0.4120
0.4116
0.4111
0.4107
0.4102
0.4097
0.4093
0.4088
0.4083
0.4079
0.4074
0.4070
0.4065
0.4060
0.4056
0.4051
0.4046
0.4042
0.4037
0.4033
0.4028
0.4023
0.4019
0.4014
0.4010
0.4005
0.4000
0.3996
0.3991
0.3987
0.3982
0.3977
0.3973
0.3968
0.3964
0.3959
0.3955
0.3950
0.3945
0.3941
0.3936
0.3932
0.3927
0.3923
0.3918
0.3913
0.3909
0.3904
0.3900
0.3895
0.3891
0.3886
0.3881
0.3877
0.3872
0.3868
0.3863
0.3859
0.3854
0.3850
0.3845
0.3841
0.3836
0.3832
0.3827
0.3822
0.3818
0.3813
0.3809
0.3804
0.3800
0.3795
0.3791
0.3786
0.3782
0.3777
0.3773
0.3768
0.3764
0.3759
0.3755
0.3750
0.3746
0.3741
0.3737
0.3732
0.3728
0.3723
0.3719
0.3714
0.3710
0.3705
0.3701
0.3696
0.3692
0.3687
0.3683
0.3678
0.3674
0.3670
0.3665
0.3661
0.3656
0.3652
0.3647
0.3643
0.3638
0.3634
0.3629
0.3625
0.3620
0.3616
0.3612
0.3607
0.3603
0.3598
0.3594
0.3589
0.3585
0.3581
0.3576
0.3572
0.3567
0.3563
0.3558
0.3554
0.3550
0.3545
0.3541
0.3536
0.3532
0.3527
0.3523
0.3519
0.3514
0.3510
0.3505
0.3501
0.3497
0.3492
0.3488
0.3483
0.3479
0.3475
0.3470
0.3466
0.3461
0.3457
0.3453
0.3448
0.3444
0.3439
0.3435
0.3431
0.3426
0.3422
0.3418
0.3413
0.3409
0.3404
0.3400
0.3396
0.3391
0.3387
0.3383
0.3378
0.3374
0.3370
0.3365
0.3361
0.3356
0.3352
0.3348
0.3343
0.3339
0.3335
0.3330
0.3326
0.3322
0.3317
0.3313
0.3309
0.3304
0.3300
0.3296
0.3291
0.3287
0.3283
0.3278
0.3274
0.3270
0.3265
0.3261
0.3257
0.3253
0.3248
0.3244
0.3240
0.3235
0.3231
0.3227
0.3222
0.3218
0.3214
0.3209
0.3205
0.3201
0.3197
0.3192
0.3188
0.3184
0.3179
0.3175
0.3171
0.3167
0.3162
0.3158
0.3154
0.3150
0.3145
0.3141
0.3137
0.3132
0.3128
0.3124
0.3120
0.3115
0.3111
0.3107
0.3103
0.3098
0.3094
0.3090
0.3086
0.3081
0.3077
0.3073
0.3069
0.3064
0.3060
0.3056
0.3052
0.3047
0.3043
0.3039
0.3035
0.3030
0.3026
0.3022
0.3018
0.3014
0.3009
0.3005
0.3001
0.2997
0.2992
0.2988
0.2984
0.2980
0.2976
0.2971
0.2967
0.2963
0.2959
0.2955
0.2950
0.2946
0.2942
0.2938
0.2934
0.2929
0.2925
0.2921
0.2917
0.2913
0.2908
0.2904
0.2900
0.2896
0.2892
0.2888
0.2883
0.2879
0.2875
0.2871
0.2867
0.2863
0.2858
0.2854
0.2850
0.2846
0.2842
0.2838
0.2833
0.2829
0.2825
0.2821
0.2817
0.2813
0.2809
0.2804
0.2800
0.2796
0.2792
0.2788
0.2784
0.2780
0.2775
0.2771
0.2767
0.2763
0.2759
0.2755
0.2751
0.2746
0.2742
0.2738
0.2734
0.2730
0.2726
0.2722
0.2718
0.2714
0.2709
0.2705
0.2701
0.2697
0.2693
0.2689
0.2685
0.2681
0.2677
0.2673
0.2668
0.2664
0.2660
0.2656
0.2652
0.2648
0.2644
0.2640
0.2636
0.2632
0.2628
0.2623
0.2619
0.2615
0.2611
0.2607
0.2603
0.2599
0.2595
0.2591
0.2587
0.2583
0.2579
0.2575
0.2571
0.2566
0.2562
0.2558
0.2554
0.2550
0.2546
0.2542
0.2538
0.2534
0.2530
0.2526
0.2522
0.2518
0.2514
0.2510
0.2506
0.2502
0.2498
0.2494
0.2490
0.2486
0.2482
0.2478
0.2474
0.2470
0.2466
0.2461
0.2457
0.2453
0.2449
0.2445
0.2441
0.2437
0.2433
0.2429
0.2425
0.2421
0.2417
0.2413
0.2409
0.2405
0.2401
0.2397
0.2393
0.2389
0.2385
0.2381
0.2377
0.2373
0.2369
0.2365
0.2361
0.2357
0.2353
0.2349
0.2346
0.2342
0.2338
0.2334
0.2330
0.2326
0.2322
0.2318
0.2314
0.2310
0.2306
0.2302
0.2298
0.2294
0.2290
0.2286
0.2282
0.2278
0.2275
0.2271
0.2267
0.2263
0.2259
0.2255
0.2251
0.2248
0.2244
0.2240
0.2236
0.2232
0.2229
0.2225
0.2221
0.2217
0.2214
0.2210
0.2206
0.2202
0.2199
0.2195
0.2191
0.2188
0.2184
0.2180
0.2177
0.2173
0.2169
0.2166
0.2162
0.2159
0.2155
0.2151
0.2148
0.2144
0.2141
0.2137
0.2134
0.2130
0.2126
0.2123
0.2119
0.2116
0.2112
0.2109
0.2105
0.2102
0.2099
0.2095
0.2092
0.2088
0.2085
0.2081
0.2078
0.2075
0.2071
0.2068
0.2064
0.2061
0.2058
0.2054
0.2051
0.2048
0.2044
0.2041
0.2038
0.2034
0.2031
0.2028
0.2025
0.2021
0.2018
0.2015
0.2012
0.2008
0.2005
0.2002
0.1999
0.1996
0.1992
0.1989
0.1986
0.1983
0.1980
0.1977
0.1973
0.1970
0.1967
0.1964
0.1961
0.1958
0.1955
0.1952
0.1949
0.1946
0.1943
0.1940
0.1937
0.1934
0.1931
0.1928
0.1925
0.1922
0.1919
0.1916
0.1913
0.1910
0.1907
0.1904
0.1901
0.1898
0.1895
0.1892
0.1889
0.1886
0.1884
0.1881
0.1878
0.1875
0.1872
0.1869
0.1866
0.1864
0.1861
0.1858
0.1855
0.1853
0.1850
0.1847
0.1844
0.1841
0.1839
0.1836
0.1833
0.1831
0.1828
0.1825
0.1822
0.1820
0.1817
0.1814
0.1812
0.1809
0.1807
0.1804
0.1801
0.1799
0.1796
0.1793
0.1791
0.1788
0.1786
0.1783
0.1781
0.1778
0.1776
0.1773
0.1771
0.1768
0.1765
0.1763
0.1761
0.1758
0.1756
0.1753
0.1751
0.1748
0.1746
0.1743
0.1741
0.1739
0.1736
0.1734
0.1731
0.1729
0.1727
0.1724
0.1722
0.1720
0.1717
0.1715
0.1713
0.1710
0.1708
0.1706
0.1703
0.1701
0.1699
0.1697
0.1694
0.1692
0.1690
0.1688
0.1685
0.1683
0.1681
0.1679
0.1677
0.1674
0.1672
0.1670
0.1668
0.1666
0.1664
0.1662
0.1659
0.1657
0.1655
0.1653
0.1651
0.1649
0.1647
0.1645
0.1643
0.1641
0.1639
0.1637
0.1635
0.1633
0.1631
0.1629
0.1627
0.1625
0.1623
0.1621
0.1619
0.1617
0.1615
0.1613
0.1611
0.1609
0.1607
0.1605
0.1603
0.1602
0.1600
0.1598
0.1596
0.1594
0.1592
0.1591
0.1589
0.1587
0.1585
0.1583
0.1581
0.1580
0.1578
0.1576
0.1574
0.1573
0.1571
0.1569
0.1567
0.1566
0.1564
0.1562
0.1561
0.1559
0.1557
0.1556
0.1554
0.1552
0.1551
0.1549
0.1547
0.1546
0.1544
0.1543
0.1541
0.1539
0.1538
0.1536
0.1535
0.1533
0.1532
0.1530
0.1529
0.1527
0.1525
0.1524
0.1522
0.1521
0.1520
0.1518
0.1517
0.1515
0.1514
0.1512
0.1511
0.1509
0.1508
0.1507
0.1505
0.1504
0.1502
0.1501
0.1500
0.1498
0.1497
0.1496
0.1494
0.1493
0.1492
0.1490
0.1489
0.1488
0.1486
0.1485
0.1484
0.1483
0.1481
0.1480
0.1479
0.1478
0.1476
0.1475
0.1474
0.1473
0.1472
0.1470
0.1469
0.1468
0.1467
0.1466
0.1465
0.1463
0.1462
0.1461
0.1460
0.1459
0.1458
0.1457
0.1456
0.1455
0.1453
0.1452
0.1451
0.1450
0.1449
0.1448
0.1447
0.1446
0.1445
0.1444
0.1443
0.1442
0.1441
0.1440
0.1439
0.1438
0.1438
0.1437
0.1436
0.1435
0.1434
0.1433
0.1432
0.1431
0.1430
0.1429
0.1429
0.1428
0.1427
0.1426
0.1425
0.1424
0.1424
0.1423
0.1422
0.1421
0.1420
0.1420
0.1419
0.1418
0.1417
0.1417
0.1416
0.1415
0.1414
0.1414
0.1413
0.1412
0.1412
0.1411
0.1410
0.1410
0.1409
0.1408
0.1408
0.1407
0.1406
0.1406
0.1405
0.1404
0.1404
0.1403
0.1402
0.1402
0.1401
0.1401
0.1400
0.1399
0.1399
0.1398
0.1397
0.1397
0.1396
0.1396
0.1395
0.1394
0.1394
0.1393
0.1392
0.1392
0.1391
0.1391
0.1390
0.1389
0.1389
0.1388
0.1387
0.1387
0.1386
0.1386
0.1385
0.1384
0.1384
0.1383
0.1382
0.1382
0.1381
0.1381
0.1380
0.1379
0.1379
0.1378
0.1378
0.1377
0.1376
0.1376
0.1375
0.1374
0.1374
0.1373
0.1373
0.1372
0.1371
0.1371
0.1370
0.1370
0.1369
0.1368
0.1368
0.1367
0.1367
0.1366
0.1365
0.1365
0.1364
0.1364
0.1363
0.1362
0.1362
0.1361
0.1361
0.1360
0.1359
0.1359
0.1358
0.1358
0.1357
0.1356
0.1356
0.1355
0.1355
0.1354
0.1353
0.1353
0.1352
0.1352
0.1351
0.1350
0.1350
0.1349
0.1349
0.1348
0.1348
0.1347
0.1346
0.1346
0.1345
0.1345
0.1344
0.1343
0.1343
0.1342
0.1342
0.1341
0.1341
0.1340
0.1339
0.1339
0.1338
0.1338
0.1337
0.1336
0.1336
0.1335
0.1335
0.1334
0.1334
0.1333
0.1332
0.1332
0.1331
0.1331
0.1330
0.1330
0.1329
0.1328
0.1328
0.1327
0.1327
0.1326
0.1326
0.1325
0.1324
0.1324
0.1323
0.1323
0.1322
0.1322
0.1321
0.1321
0.1320
0.1319
0.1319
0.1318
0.1318
0.1317
0.1317
0.1316
0.1315
0.1315
0.1314
0.1314
0.1313
0.1313
0.1312
0.1312
0.1311
0.1310
0.1310
0.1309
0.1309
0.1308
0.1308
0.1307
0.1307
0.1306
0.1306
0.1305
0.1304
0.1304
0.1303
0.1303
0.1302
0.1302
0.1301
0.1301
0.1300
0.1299
0.1299
0.1298
0.1298
0.1297
0.1297
0.1296
0.1296
0.1295
0.1295
0.1294
0.1294
0.1293
0.1292
0.1292
0.1291
0.1291
0.1290
0.1290
0.1289
0.1289
0.1288
0.1288
0.1287
0.1287
0.1286
0.1285
0.1285
0.1284
0.1284
0.1283
0.1283
0.1282
0.1282
0.1281
0.1281
0.1280
0.1280
0.1279
0.1279
0.1278
0.1277
0.1277
0.1276
0.1276
0.1275
0.1275
0.1274
0.1274
0.1273
0.1273
0.1272
0.1272
0.1271
0.1271
0.1270
0.1270
0.1269
0.1269
0.1268
0.1268
0.1267
0.1267
0.1266
0.1265
0.1265
0.1264
0.1264
0.1263
0.1263
0.1262
0.1262
0.1261
0.1261
0.1260
0.1260
0.1259
0.1259
0.1258
0.1258
0.1257
0.1257
0.1256
0.1256
0.1255
0.1255
0.1254
0.1254
0.1253
0.1253
0.1252
0.1252
0.1251
0.1251
0.1250
0.1250
0.1249
0.1249
0.1248
0.1248
0.1247
0.1247
0.1246
0.1246
0.1245
0.1245
0.1244
0.1244
0.1243
0.1243
0.1242
0.1242
0.1241
0.1241
0.1240
0.1240
0.1239
0.1239
0.1238
0.1238
0.1237
0.1237
0.1236
0.1236
0.1235
0.1235
0.1234
0.1234
0.1233
0.1233
0.1232
0.1232
0.1231
0.1231
0.1230
0.1230
0.1229
0.1229
0.1228
0.1228
0.1227
0.1227
0.1226
0.1226
0.1225
0.1225
0.1224
0.1224
0.1223
0.1223
0.1223
0.1222
0.1222
0.1221
0.1221
0.1220
0.1220
0.1219
0.1219
0.1218
0.1218
0.1217
0.1217
0.1216
0.1216
0.1215
0.1215
0.1214
0.1214
0.1213
0.1213
0.1212
0.1212
0.1212
0.1211
0.1211
0.1210
0.1210
0.1209
0.1209
0.1208
0.1208
0.1207
0.1207
0.1206
0.1206
0.1205
0.1205
0.1204
0.1204
0.1204
0.1203
0.1203
0.1202
0.1202
0.1201
0.1201
0.1200
0.1200
0.1199
0.1199
0.1198
0.1198
0.1197
0.1197
0.1197
0.1196
0.1196
0.1195
0.1195
0.1194
0.1194
0.1193
0.1193
0.1192
0.1192
0.1191
0.1191
0.1191
0.1190
0.1190
0.1189
0.1189
0.1188
0.1188
0.1187
0.1187
0.1186
0.1186
0.1186
0.1185
0.1185
0.1184
0.1184
0.1183
0.1183
0.1182
0.1182
0.1181
0.1181
0.1181
0.1180
0.1180
0.1179
0.1179
0.1178
0.1178
0.1177
0.1177
0.1177
0.1176
0.1176
0.1175
0.1175
0.1174
0.1174
0.1173
0.1173
0.1173
0.1172
0.1172
0.1171
0.1171
0.1170
0.1170
0.1169
0.1169
0.1169
0.1168
0.1168
0.1167
0.1167
0.1166
0.1166
0.1165
0.1165
0.1165
0.1164
0.1164
0.1163
0.1163
0.1162
0.1162
0.1162
0.1161
0.1161
0.1160
0.1160
0.1159
0.1159
0.1158
0.1158
0.1158
0.1157
0.1157
0.1156
0.1156
0.1155
0.1155
0.1155
0.1154
0.1154
0.1153
0.1153
0.1152
0.1152
0.1152
0.1151
0.1151
0.1150
0.1150
0.1149
0.1149
0.1149
0.1148
0.1148
0.1147
0.1147
0.1146
0.1146
0.1146
0.1145
0.1145
0.1144
0.1144
0.1144
0.1143
0.1143
0.1142
0.1142
0.1141
0.1141
0.1141
0.1140
0.1140
0.1139
0.1139
0.1138
0.1138
0.1138
0.1137
0.1137
0.1136
0.1136
0.1136
0.1135
0.1135
0.1134
0.1134
0.1133
0.1133
0.1133
0.1132
0.1132
0.1131
0.1131
0.1131
0.1130
0.1130
0.1129
0.1129
0.1129
0.1128
0.1128
0.1127
0.1127
0.1126
0.1126
0.1126
0.1125
0.1125
0.1124
0.1124
0.1124
0.1123
0.1123
0.1122
0.1122
0.1122
0.1121
0.1121
0.1120
0.1120
0.1120
0.1119
0.1119
0.1118
0.1118
0.1118
0.1117
0.1117
0.1116
0.1116
0.1116
0.1115
0.1115
0.1114
0.1114
0.1114
0.1113
0.1113
0.1112
0.1112
0.1112
0.1111
0.1111
0.1110
0.1110
0.1110
0.1109
0.1109
0.1108
0.1108
0.1108
0.1107
0.1107
0.1106
0.1106
0.1106
0.1105
0.1105
0.1104
0.1104
0.1104
0.1103
0.1103
0.1102
0.1102
0.1102
0.1101
0.1101
0.1100
0.1100
0.1100
0.1099
0.1099
0.1098
0.1098
0.1098
0.1097
0.1097
0.1097
0.1096
0.1096
0.1095
0.1095
0.1095
0.1094
0.1094
0.1093
0.1093
0.1093
0.1092
0.1092
0.1092
0.1091
0.1091
0.1090
0.1090
0.1090
0.1089
0.1089
0.1088
0.1088
0.1088
0.1087
0.1087
0.1087
0.1086
0.1086
0.1085
0.1085
0.1085
0.1084
0.1084
0.1084
0.1083
0.1083
0.1082
0.1082
0.1082
0.1081
0.1081
0.1080
0.1080
0.1080
0.1079
0.1079
0.1079
0.1078
0.1078
0.1077
0.1077
0.1077
0.1076
0.1076
0.1076
0.1075
0.1075
0.1074
0.1074
0.1074
0.1073
0.1073
0.1073
0.1072
0.1072
0.1072
0.1071
0.1071
0.1070
0.1070
0.1070
0.1069
0.1069
0.1069
0.1068
0.1068
0.1067
0.1067
0.1067
0.1066
0.1066
0.1066
0.1065
0.1065
0.1065
0.1064
0.1064
0.1063
0.1063
0.1063
0.1062
0.1062
0.1062
0.1061
0.1061
0.1060
0.1060
0.1060
0.1059
0.1059
0.1059
0.1058
0.1058
0.1058
0.1057
0.1057
0.1057
0.1056
0.1056
0.1055
0.1055
0.1055
0.1054
0.1054
0.1054
0.1053
0.1053
0.1053
0.1052
0.1052
0.1051
0.1051
0.1051
0.1050
0.1050
0.1050
0.1049
0.1049
0.1049
0.1048
0.1048
0.1048
0.1047
0.1047
0.1047
0.1046
0.1046
0.1045
0.1045
0.1045
0.1044
0.1044
0.1044
0.1043
0.1043
0.1043
0.1042
0.1042
0.1042
0.1041
0.1041
0.1041
0.1040
0.1040
0.1039
0.1039
0.1039
0.1038
0.1038
0.1038
0.1037
0.1037
0.1037
0.1036
0.1036
0.1036
0.1035
0.1035
0.1035
0.1034
0.1034
0.1034
0.1033
0.1033
0.1033
0.1032
0.1032
0.1032
0.1031
0.1031
0.1030
0.1030
0.1030
0.1029
0.1029
0.1029
0.1028
0.1028
0.1028
0.1027
0.1027
0.1027
0.1026
0.1026
0.1026
0.1025
0.1025
0.1025
0.1024
0.1024
0.1024
0.1023
0.1023
0.1023
0.1022
0.1022
0.1022
0.1021
0.1021
0.1021
0.1020
0.1020
0.1020
0.1019
0.1019
0.1019
0.1018
0.1018
0.1018
0.1017
0.1017
0.1017
0.1016
0.1016
0.1016
0.1015
0.1015
0.1015
0.1014
0.1014
0.1014
0.1013
0.1013
0.1013
0.1012
0.1012
0.1012
0.1011
0.1011
0.1011
0.1010
0.1010
0.1010
0.1009
0.1009
0.1009
0.1008
0.1008
0.1008
0.1007
0.1007
0.1007
0.1006
0.1006
0.1006
0.1005
0.1005
0.1005
0.1004
0.1004
0.1004
0.1003
0.1003
0.1003
0.1002
0.1002
0.1002
0.1002
0.1001
0.1001
0.1001
0.1000
0.1000
0.1000
0.0999
0.0999
0.0999
0.0998
0.0998
0.0998
0.0997
0.0997
0.0997
0.0996
0.0996
0.0996
0.0995
0.0995
0.0995
0.0994
0.0994
0.0994
0.0993
0.0993
0.0993
0.0993
0.0992
0.0992
0.0992
0.0991
0.0991
0.0991
0.0990
0.0990
0.0990
0.0989
0.0989
0.0989
0.0988
0.0988
0.0988
0.0987
0.0987
0.0987
0.0987
0.0986
0.0986
0.0986
0.0985
0.0985
0.0985
0.0984
0.0984
0.0984
0.0983
0.0983
0.0983
0.0982
0.0982
0.0982
0.0982
0.0981
0.0981
0.0981
0.0980
0.0980
0.0980
0.0979
0.0979
0.0979
0.0978
0.0978
0.0978
0.0977
0.0977
0.0977
0.0977
0.0976
0.0976
0.0976
0.0975
0.0975
0.0975
0.0974
0.0974
0.0974
0.0973
0.0973
0.0973
0.0973
0.0972
0.0972
0.0972
0.0971
0.0971
0.0971
0.0970
0.0970
0.0970
0.0970
0.0969
0.0969
0.0969
0.0968
0.0968
0.0968
0.0967
0.0967
0.0967
0.0966
0.0966
0.0966
0.0966
0.0965
0.0965
0.0965
0.0964
0.0964
0.0964
0.0963
0.0963
0.0963
0.0963
0.0962
0.0962
0.0962
0.0961
0.0961
0.0961
0.0960
0.0960
0.0960
0.0960
0.0959
0.0959
0.0959
0.0958
0.0958
0.0958
0.0958
0.0957
0.0957
0.0957
0.0956
0.0956
0.0956
0.0955
0.0955
0.0955
0.0955
0.0954
0.0954
0.0954
0.0953
0.0953
0.0953
0.0953
0.0952
0.0952
0.0952
0.0951
0.0951
0.0951
0.0950
0.0950
0.0950
0.0950
0.0949
0.0949
0.0949
0.0948
0.0948
0.0948
0.0948
0.0947
0.0947
0.0947
0.0946
0.0946
0.0946
0.0946
0.0945
0.0945
0.0945
0.0944
0.0944
0.0944
0.0944
0.0943
0.0943
0.0943
0.0942
0.0942
0.0942
0.0942
0.0941
0.0941
0.0941
0.0940
0.0940
0.0940
0.0940
0.0939
0.0939
0.0939
0.0938
0.0938
0.0938
0.0938
0.0937
0.0937
0.0937
0.0936
0.0936
0.0936
0.0936
0.0935
0.0935
0.0935
0.0934
0.0934
0.0934
0.0934
0.0933
0.0933
0.0933
0.0932
0.0932
0.0932
0.0932
0.0931
0.0931
0.0931
0.0930
0.0930
0.0930
0.0930
0.0929
0.0929
0.0929
0.0929
0.0928
0.0928
0.0928
0.0927
0.0927
0.0927
0.0927
0.0926
0.0926
0.0926
0.0925
0.0925
0.0925
0.0925
0.0924
0.0924
0.0924
0.0924
0.0923
0.0923
0.0923
0.0922
0.0922
0.0922
0.0922
0.0921
0.0921
0.0921
0.0921
0.0920
0.0920
0.0920
0.0919
0.0919
0.0919
0.0919
0.0918
0.0918
0.0918
0.0918
0.0917
0.0917
0.0917
0.0916
0.0916
0.0916
0.0916
0.0915
0.0915
0.0915
0.0915
0.0914
0.0914
0.0914
0.0913
0.0913
0.0913
0.0913
0.0912
0.0912
0.0912
0.0912
0.0911
0.0911
0.0911
0.0911
0.0910
0.0910
0.0910
0.0909
0.0909
0.0909
0.0909
0.0908
0.0908
0.0908
0.0908
0.0907
0.0907
0.0907
0.0907
0.0906
0.0906
0.0906
0.0905
0.0905
0.0905
0.0905
0.0904
0.0904
0.0904
0.0904
0.0903
0.0903
0.0903
0.0903
0.0902
0.0902
0.0902
0.0901
0.0901
0.0901
0.0901
0.0900
0.0900
0.0900
0.0900
0.0899
0.0899
0.0899
0.0899
0.0898
0.0898
0.0898
0.0898
0.0897
0.0897
0.0897
0.0897
0.0896
0.0896
0.0896
0.0896
0.0895
0.0895
0.0895
0.0894
0.0894
0.0894
0.0894
0.0893
0.0893
0.0893
0.0893
0.0892
0.0892
0.0892
0.0892
0.0891
0.0891
0.0891
0.0891
0.0890
0.0890
0.0890
0.0890
0.0889
0.0889
0.0889
0.0889
0.0888
0.0888
0.0888
0.0888
0.0887
0.0887
0.0887
0.0887
0.0886
0.0886
0.0886
0.0886
0.0885
0.0885
0.0885
0.0885
0.0884
0.0884
0.0884
0.0883
0.0883
0.0883
0.0883
0.0882
0.0882
0.0882
0.0882
0.0881
0.0881
0.0881
0.0881
0.0880
0.0880
0.0880
0.0880
0.0879
0.0879
0.0879
0.0879
0.0878
0.0878
0.0878
0.0878
0.0877
0.0877
0.0877
0.0877
0.0876
0.0876
0.0876
0.0876
0.0876
0.0875
0.0875
0.0875
0.0875
0.0874
0.0874
0.0874
0.0874
0.0873
0.0873
0.0873
0.0873
0.0872
0.0872
0.0872
0.0872
0.0871
0.0871
0.0871
0.0871
0.0870
0.0870
0.0870
0.0870
0.0869
0.0869
0.0869
0.0869
0.0868
0.0868
0.0868
0.0868
0.0867
0.0867
0.0867
0.0867
0.0866
0.0866
0.0866
0.0866
0.0865
0.0865
0.0865
0.0865
0.0865
0.0864
0.0864
0.0864
0.0864
0.0863
0.0863
0.0863
0.0863
0.0862
0.0862
0.0862
0.0862
0.0861
0.0861
0.0861
0.0861
0.0860
0.0860
0.0860
0.0860
0.0859
0.0859
0.0859
0.0859
0.0859
0.0858
0.0858
0.0858
0.0858
0.0857
0.0857
0.0857
0.0857
0.0856
0.0856
0.0856
0.0856
0.0855
0.0855
0.0855
0.0855
0.0854
0.0854
0.0854
0.0854
0.0854
0.0853
0.0853
0.0853
0.0853
0.0852
0.0852
0.0852
0.0852
0.0851
0.0851
0.0851
0.0851
0.0850
0.0850
0.0850
0.0850
0.0850
0.0849
0.0849
0.0849
0.0849
0.0848
0.0848
0.0848
0.0848
0.0847
0.0847
0.0847
0.0847
0.0847
0.0846
0.0846
0.0846
0.0846
0.0845
0.0845
0.0845
0.0845
0.0844
0.0844
0.0844
0.0844
0.0844
0.0843
0.0843
0.0843
0.0843
0.0842
0.0842
0.0842
0.0842
0.0841
0.0841
0.0841
0.0841
0.0841
0.0840
0.0840
0.0840
0.0840
0.0839
0.0839
0.0839
0.0839
0.0839
0.0838
0.0838
0.0838
0.0838
0.0837
0.0837
0.0837
0.0837
0.0836
0.0836
0.0836
0.0836
0.0836
0.0835
0.0835
0.0835
0.0835
0.0834
0.0834
0.0834
0.0834
0.0834
0.0833
0.0833
0.0833
0.0833
0.0832
0.0832
0.0832
0.0832
0.0832
0.0831
0.0831
0.0831
0.0831
0.0830
0.0830
0.0830
0.0830
0.0830
0.0829
0.0829
0.0829
0.0829
0.0828
0.0828
0.0828
0.0828
0.0828
0.0827
0.0827
0.0827
0.0827
0.0826
0.0826
0.0826
0.0826
0.0826
0.0825
0.0825
0.0825
0.0825
0.0824
0.0824
0.0824
0.0824
0.0824
0.0823
0.0823
0.0823
0.0823
0.0822
0.0822
0.0822
0.0822
0.0822
0.0821
0.0821
0.0821
0.0821
0.0821
0.0820
0.0820
0.0820
0.0820
0.0819
0.0819
0.0819
0.0819
0.0819
0.0818
0.0818
0.0818
0.0818
0.0817
0.0817
0.0817
0.0817
0.0817
0.0816
0.0816
0.0816
0.0816
0.0816
0.0815
0.0815
0.0815
0.0815
0.0814
0.0814
0.0814
0.0814
0.0814
0.0813
0.0813
0.0813
0.0813
0.0813
0.0812
0.0812
0.0812
0.0812
0.0811
0.0811
0.0811
0.0811
0.0811
0.0810
0.0810
0.0810
0.0810
0.0810
0.0809
0.0809
0.0809
0.0809
0.0809
0.0808
0.0808
0.0808
0.0808
0.0807
0.0807
0.0807
0.0807
0.0807
0.0806
0.0806
0.0806
0.0806
0.0806
0.0805
0.0805
0.0805
0.0805
0.0805
0.0804
0.0804
0.0804
0.0804
0.0803
0.0803
0.0803
0.0803
0.0803
0.0802
0.0802
0.0802
0.0802
0.0802
0.0801
0.0801
0.0801
0.0801
0.0801
0.0800
0.0800
0.0800
0.0800
0.0800
0.0799
0.0799
0.0799
0.0799
0.0799
0.0798
0.0798
0.0798
0.0798
0.0797
0.0797
0.0797
0.0797
0.0797
0.0796
0.0796
0.0796
0.0796
0.0796
0.0795
0.0795
0.0795
0.0795
0.0795
0.0794
0.0794
0.0794
0.0794
0.0794
0.0793
0.0793
0.0793
0.0793
0.0793
0.0792
0.0792
0.0792
0.0792
0.0792
0.0791
0.0791
0.0791
0.0791
0.0791
0.0790
0.0790
0.0790
0.0790
0.0790
0.0789
0.0789
0.0789
0.0789
0.0789
0.0788
0.0788
0.0788
0.0788
0.0788
0.0787
0.0787
0.0787
0.0787
0.0787
0.0786
0.0786
0.0786
0.0786
0.0786
0.0785
0.0785
0.0785
0.0785
0.0785
0.0784
0.0784
0.0784
0.0784
0.0784
0.0783
0.0783
0.0783
0.0783
0.0783
0.0782
0.0782
0.0782
0.0782
0.0782
0.0781
0.0781
0.0781
0.0781
0.0781
0.0780
0.0780
0.0780
0.0780
0.0780
0.0779
0.0779
0.0779
0.0779
0.0779
0.0778
0.0778
0.0778
0.0778
0.0778
0.0777
0.0777
0.0777
0.0777
0.0777
0.0776
0.0776
0.0776
0.0776
0.0776
0.0776
0.0775
0.0775
0.0775
0.0775
0.0775
0.0774
0.0774
0.0774
0.0774
0.0774
0.0773
0.0773
0.0773
0.0773
0.0773
0.0772
0.0772
0.0772
0.0772
0.0772
0.0771
0.0771
0.0771
0.0771
0.0771
0.0771
0.0770
0.0770
0.0770
0.0770
0.0770
0.0769
0.0769
0.0769
0.0769
0.0769
0.0768
0.0768
0.0768
0.0768
0.0768
0.0767
0.0767
0.0767
0.0767
0.0767
0.0766
0.0766
0.0766
0.0766
0.0766
0.0766
0.0765
0.0765
0.0765
0.0765
0.0765
0.0764
0.0764
0.0764
0.0764
0.0764
0.0763
0.0763
0.0763
0.0763
0.0763
0.0763
0.0762
0.0762
0.0762
0.0762
0.0762
0.0761
0.0761
0.0761
0.0761
0.0761
0.0760
0.0760
0.0760
0.0760
0.0760
0.0760
0.0759
0.0759
0.0759
0.0759
0.0759
0.0758
0.0758
0.0758
0.0758
0.0758
0.0757
0.0757
0.0757
0.0757
0.0757
0.0757
0.0756
0.0756
0.0756
0.0756
0.0756
0.0755
0.0755
0.0755
0.0755
0.0755
0.0755
0.0754
0.0754
0.0754
0.0754
0.0754
0.0753
0.0753
0.0753
0.0753
0.0753
0.0753
0.0752
0.0752
0.0752
0.0752
0.0752
0.0751
0.0751
0.0751
0.0751
0.0751
0.0751
0.0750
0.0750
0.0750
0.0750
0.0750
0.0749
0.0749
0.0749
0.0749
0.0749
0.0749
0.0748
0.0748
0.0748
0.0748
0.0748
0.0747
0.0747
0.0747
0.0747
0.0747
0.0747
0.0746
0.0746
0.0746
0.0746
0.0746
0.0745
0.0745
0.0745
0.0745
0.0745
0.0745
0.0744
0.0744
0.0744
0.0744
0.0744
0.0743
0.0743
0.0743
0.0743
0.0743
0.0743
0.0742
0.0742
0.0742
0.0742
0.0742
0.0742
0.0741
0.0741
0.0741
0.0741
0.0741
0.0740
0.0740
0.0740
0.0740
0.0740
0.0740
0.0739
0.0739
0.0739
0.0739
0.0739
0.0739
0.0738
0.0738
0.0738
0.0738
0.0738
0.0737
0.0737
0.0737
0.0737
0.0737
0.0737
0.0736
0.0736
0.0736
0.0736
0.0736
0.0736
0.0735
0.0735
0.0735
0.0735
0.0735
0.0734
0.0734
0.0734
0.0734
0.0734
0.0734
0.0733
0.0733
0.0733
0.0733
0.0733
0.0733
0.0732
0.0732
0.0732
0.0732
0.0732
0.0732
0.0731
0.0731
0.0731
0.0731
0.0731
0.0731
0.0730
0.0730
0.0730
0.0730
0.0730
0.0729
0.0729
0.0729
0.0729
0.0729
0.0729
0.0728
0.0728
0.0728
0.0728
0.0728
0.0728
0.0727
0.0727
0.0727
0.0727
0.0727
0.0727
0.0726
0.0726
0.0726
0.0726
0.0726
0.0726
0.0725
0.0725
0.0725
0.0725
0.0725
0.0725
0.0724
0.0724
0.0724
0.0724
0.0724
0.0724
0.0723
0.0723
0.0723
0.0723
0.0723
0.0723
0.0722
0.0722
0.0722
0.0722
0.0722
0.0721
0.0721
0.0721
0.0721
0.0721
0.0721
0.0720
0.0720
0.0720
0.0720
0.0720
0.0720
0.0719
0.0719
0.0719
0.0719
0.0719
0.0719
0.0718
0.0718
0.0718
0.0718
0.0718
0.0718
0.0717
0.0717
0.0717
0.0717
0.0717
0.0717
0.0716
0.0716
0.0716
0.0716
0.0716
0.0716
0.0715
0.0715
0.0715
0.0715
0.0715
0.0715
0.0715
0.0714
0.0714
0.0714
0.0714
0.0714
0.0714
0.0713
0.0713
0.0713
0.0713
0.0713
0.0713
0.0712
0.0712
0.0712
0.0712
0.0712
0.0712
0.0711
0.0711
0.0711
0.0711
0.0711
0.0711
0.0710
0.0710
0.0710
0.0710
0.0710
0.0710
0.0709
0.0709
0.0709
0.0709
0.0709
0.0709
0.0708
0.0708
0.0708
0.0708
0.0708
0.0708
0.0707
0.0707
0.0707
0.0707
0.0707
0.0707
0.0707
0.0706
0.0706
0.0706
0.0706
0.0706
0.0706
0.0705
0.0705
0.0705
0.0705
0.0705
0.0705
0.0704
0.0704
0.0704
0.0704
0.0704
0.0704
0.0703
0.0703
0.0703
0.0703
0.0703
0.0703
0.0703
0.0702
0.0702
0.0702
0.0702
0.0702
0.0702
0.0701
0.0701
0.0701
0.0701
0.0701
0.0701
0.0700
0.0700
0.0700
0.0700
0.0700
0.0700
0.0699
0.0699
0.0699
0.0699
0.0699
0.0699
0.0699
0.0698
0.0698
0.0698
0.0698
0.0698
0.0698
0.0697
0.0697
0.0697
0.0697
0.0697
0.0697
0.0697
0.0696
0.0696
0.0696
0.0696
0.0696
0.0696
0.0695
0.0695
0.0695
0.0695
0.0695
0.0695
0.0694
0.0694
0.0694
0.0694
0.0694
0.0694
0.0694
0.0693
0.0693
0.0693
0.0693
0.0693
0.0693
0.0692
0.0692
0.0692
0.0692
0.0692
0.0692
0.0692
0.0691
0.0691
0.0691
0.0691
0.0691
0.0691
0.0690
0.0690
0.0690
0.0690
0.0690
0.0690
0.0690
0.0689
0.0689
0.0689
0.0689
0.0689
0.0689
0.0688
0.0688
0.0688
0.0688
0.0688
0.0688
0.0688
0.0687
0.0687
0.0687
0.0687
0.0687
0.0687
0.0686
0.0686
0.0686
0.0686
0.0686
0.0686
0.0686
0.0685
0.0685
0.0685
0.0685
0.0685
0.0685
0.0684
0.0684
0.0684
0.0684
0.0684
0.0684
0.0684
0.0683
0.0683
0.0683
0.0683
0.0683
0.0683
0.0683
0.0682
0.0682
0.0682
0.0682
0.0682
0.0682
0.0681
0.0681
0.0681
0.0681
0.0681
0.0681
0.0681
0.0680
0.0680
0.0680
0.0680
0.0680
0.0680
0.0680
0.0679
0.0679
0.0679
0.0679
0.0679
0.0679
0.0678
0.0678
0.0678
0.0678
0.0678
0.0678
0.0678
0.0677
0.0677
0.0677
0.0677
0.0677
0.0677
0.0677
0.0676
0.0676
0.0676
0.0676
0.0676
0.0676
0.0676
0.0675
0.0675
0.0675
0.0675
0.0675
0.0675
0.0675
0.0674
0.0674
0.0674
0.0674
0.0674
0.0674
0.0673
0.0673
0.0673
0.0673
0.0673
0.0673
0.0673
0.0672
0.0672
0.0672
0.0672
0.0672
0.0672
0.0672
0.0671
0.0671
0.0671
0.0671
0.0671
0.0671
0.0671
0.0670
0.0670
0.0670
0.0670
0.0670
0.0670
0.0670
0.0669
0.0669
0.0669
0.0669
0.0669
0.0669
0.0669
0.0668
0.0668
0.0668
0.0668
0.0668
0.0668
0.0668
0.0667
0.0667
0.0667
0.0667
0.0667
0.0667
0.0667
0.0666
0.0666
0.0666
0.0666
0.0666
0.0666
0.0666
0.0665
0.0665
0.0665
0.0665
0.0665
0.0665
0.0665
0.0664
0.0664
0.0664
0.0664
0.0664
0.0664
0.0664
0.0663
0.0663
0.0663
0.0663
0.0663
0.0663
0.0663
0.0662
0.0662
0.0662
0.0662
0.0662
0.0662
0.0662
0.0661
0.0661
0.0661
0.0661
0.0661
0.0661
0.0661
0.0660
0.0660
0.0660
0.0660
0.0660
0.0660
0.0660
0.0659
0.0659
0.0659
0.0659
0.0659
0.0659
0.0659
0.0658
0.0658
0.0658
0.0658
0.0658
0.0658
0.0658
0.0657
0.0657
0.0657
0.0657
0.0657
0.0657
0.0657
0.0656
0.0656
0.0656
0.0656
0.0656
0.0656
0.0656
0.0656
0.0655
0.0655
0.0655
0.0655
0.0655
0.0655
0.0655
0.0654
0.0654
0.0654
0.0654
0.0654
0.0654
0.0654
0.0653
0.0653
0.0653
0.0653
0.0653
0.0653
0.0653
0.0652
0.0652
0.0652
0.0652
0.0652
0.0652
0.0652
0.0652
0.0651
0.0651
0.0651
0.0651
0.0651
0.0651
0.0651
0.0650
0.0650
0.0650
0.0650
0.0650
0.0650
0.0650
0.0649
0.0649
0.0649
0.0649
0.0649
0.0649
0.0649
0.0649
0.0648
0.0648
0.0648
0.0648
0.0648
0.0648
0.0648
0.0647
0.0647
0.0647
0.0647
0.0647
0.0647
0.0647
0.0646
0.0646
0.0646
0.0646
0.0646
0.0646
0.0646
0.0646
0.0645
0.0645
0.0645
0.0645
0.0645
0.0645
0.0645
0.0644
0.0644
0.0644
0.0644
0.0644
0.0644
0.0644
0.0644
0.0643
0.0643
0.0643
0.0643
0.0643
0.0643
0.0643
0.0642
0.0642
0.0642
0.0642
0.0642
0.0642
0.0642
0.0642
0.0641
0.0641
0.0641
0.0641
0.0641
0.0641
0.0641
0.0640
0.0640
0.0640
0.0640
0.0640
0.0640
0.0640
0.0640
0.0639
0.0639
0.0639
0.0639
0.0639
0.0639
0.0639
0.0638
0.0638
0.0638
0.0638
0.0638
0.0638
0.0638
0.0638
0.0637
0.0637
0.0637
0.0637
0.0637
0.0637
0.0637
0.0637
0.0636
0.0636
0.0636
0.0636
0.0636
0.0636
0.0636
0.0635
0.0635
0.0635
0.0635
0.0635
0.0635
0.0635
0.0635
0.0634
0.0634
0.0634
0.0634
0.0634
0.0634
0.0634
0.0634
0.0633
0.0633
0.0633
0.0633
0.0633
0.0633
0.0633
0.0632
0.0632
0.0632
0.0632
0.0632
0.0632
0.0632
0.0632
0.0631
0.0631
0.0631
0.0631
0.0631
0.0631
0.0631
0.0631
0.0630
0.0630
0.0630
0.0630
0.0630
0.0630
0.0630
0.0630
0.0629
0.0629
0.0629
0.0629
0.0629
0.0629
0.0629
0.0629
0.0628
0.0628
0.0628
0.0628
0.0628
0.0628
0.0628
0.0627
0.0627
0.0627
0.0627
0.0627
0.0627
0.0627
0.0627
0.0626
0.0626
0.0626
0.0626
0.0626
0.0626
0.0626
0.0626
0.0625
0.0625
0.0625
0.0625
0.0625
0.0625
0.0625
0.0625
0.0624
0.0624
0.0624
0.0624
0.0624
0.0624
0.0624
0.0624
0.0623
0.0623
0.0623
0.0623
0.0623
0.0623
0.0623
0.0623
0.0622
0.0622
0.0622
0.0622
0.0622
0.0622
0.0622
0.0622
0.0621
0.0621
0.0621
0.0621
0.0621
0.0621
0.0621
0.0621
0.0620
0.0620
0.0620
0.0620
0.0620
0.0620
0.0620
0.0620
0.0619
0.0619
0.0619
0.0619
0.0619
0.0619
0.0619
0.0619
0.0618
0.0618
0.0618
0.0618
0.0618
0.0618
0.0618
0.0618
0.0617
0.0617
0.0617
0.0617
0.0617
0.0617
0.0617
0.0617
0.0616
0.0616
0.0616
0.0616
0.0616
0.0616
0.0616
0.0616
0.0616
0.0615
0.0615
0.0615
0.0615
0.0615
0.0615
0.0615
0.0615
0.0614
0.0614
0.0614
0.0614
0.0614
0.0614
0.0614
0.0614
0.0613
0.0613
0.0613
0.0613
0.0613
0.0613
0.0613
0.0613
0.0612
0.0612
0.0612
0.0612
0.0612
0.0612
0.0612
0.0612
0.0612
0.0611
0.0611
0.0611
0.0611
0.0611
0.0611
0.0611
0.0611
0.0610
0.0610
0.0610
0.0610
0.0610
0.0610
0.0610
0.0610
0.0609
0.0609
0.0609
0.0609
0.0609
0.0609
0.0609
0.0609
0.0608
0.0608
0.0608
0.0608
0.0608
0.0608
0.0608
0.0608
0.0608
0.0607
0.0607
0.0607
0.0607
0.0607
0.0607
0.0607
0.0607
0.0606
0.0606
0.0606
0.0606
0.0606
0.0606
0.0606
0.0606
0.0606
0.0605
0.0605
0.0605
0.0605
0.0605
0.0605
0.0605
0.0605
0.0604
0.0604
0.0604
0.0604
0.0604
0.0604
0.0604
0.0604
0.0604
0.0603
0.0603
0.0603
0.0603
0.0603
0.0603
0.0603
0.0603
0.0602
0.0602
0.0602
0.0602
0.0602
0.0602
0.0602
0.0602
0.0602
0.0601
0.0601
0.0601
0.0601
0.0601
0.0601
0.0601
0.0601
0.0600
0.0600
0.0600
0.0600
0.0600
0.0600
0.0600
0.0600
0.0600
0.0599
0.0599
0.0599
0.0599
0.0599
0.0599
0.0599
0.0599
0.0599
0.0598
0.0598
0.0598
0.0598
0.0598
0.0598
0.0598
0.0598
0.0597
0.0597
0.0597
0.0597
0.0597
0.0597
0.0597
0.0597
0.0597
0.0596
0.0596
0.0596
0.0596
0.0596
0.0596
0.0596
0.0596
0.0596
0.0595
0.0595
0.0595
0.0595
0.0595
0.0595
0.0595
0.0595
0.0594
0.0594
0.0594
0.0594
0.0594
0.0594
0.0594
0.0594
0.0594
0.0593
0.0593
0.0593
0.0593
0.0593
0.0593
0.0593
0.0593
0.0593
0.0592
0.0592
0.0592
0.0592
0.0592
0.0592
0.0592
0.0592
0.0592
0.0591
0.0591
0.0591
0.0591
0.0591
0.0591
0.0591
0.0591
0.0591
0.0590
0.0590
0.0590
0.0590
0.0590
0.0590
0.0590
0.0590
0.0590
0.0589
0.0589
0.0589
0.0589
0.0589
0.0589
0.0589
0.0589
0.0588
0.0588
0.0588
0.0588
0.0588
0.0588
0.0588
0.0588
0.0588
0.0587
0.0587
0.0587
0.0587
0.0587
0.0587
0.0587
0.0587
0.0587
0.0586
0.0586
0.0586
0.0586
0.0586
0.0586
0.0586
0.0586
0.0586
0.0585
0.0585
0.0585
0.0585
0.0585
0.0585
0.0585
0.0585
0.0585
0.0584
0.0584
0.0584
0.0584
0.0584
0.0584
0.0584
0.0584
0.0584
0.0584
0.0583
0.0583
0.0583
0.0583
0.0583
0.0583
0.0583
0.0583
0.0583
0.0582
0.0582
0.0582
0.0582
0.0582
0.0582
0.0582
0.0582
0.0582
0.0581
0.0581
0.0581
0.0581
0.0581
0.0581
0.0581
0.0581
0.0581
0.0580
0.0580
0.0580
0.0580
0.0580
0.0580
0.0580
0.0580
0.0580
0.0579
0.0579
0.0579
0.0579
0.0579
0.0579
0.0579
0.0579
0.0579
0.0578
0.0578
0.0578
0.0578
0.0578
0.0578
0.0578
0.0578
0.0578
0.0578
0.0577
0.0577
0.0577
0.0577
0.0577
0.0577
0.0577
0.0577
0.0577
0.0576
0.0576
0.0576
0.0576
0.0576
0.0576
0.0576
0.0576
0.0576
0.0575
0.0575
0.0575
0.0575
0.0575
0.0575
0.0575
0.0575
0.0575
0.0575
0.0574
0.0574
0.0574
0.0574
0.0574
0.0574
0.0574
0.0574
0.0574
0.0573
0.0573
0.0573
0.0573
0.0573
0.0573
0.0573
0.0573
0.0573
0.0572
0.0572
0.0572
0.0572
0.0572
0.0572
0.0572
0.0572
0.0572
0.0572
0.0571
0.0571
0.0571
0.0571
0.0571
0.0571
0.0571
0.0571
0.0571
0.0570
0.0570
0.0570
0.0570
0.0570
0.0570
0.0570
0.0570
0.0570
0.0570
0.0569
0.0569
0.0569
0.0569
0.0569
0.0569
0.0569
0.0569
0.0569
0.0569
0.0568
0.0568
0.0568
0.0568
0.0568
0.0568
0.0568
0.0568
0.0568
0.0567
0.0567
0.0567
0.0567
0.0567
0.0567
0.0567
0.0567
0.0567
0.0567
0.0566
0.0566
0.0566
0.0566
0.0566
0.0566
0.0566
0.0566
0.0566
0.0565
0.0565
0.0565
0.0565
0.0565
0.0565
0.0565
0.0565
0.0565
0.0565
0.0564
0.0564
0.0564
0.0564
0.0564
0.0564
0.0564
0.0564
0.0564
0.0564
0.0563
0.0563
0.0563
0.0563
0.0563
0.0563
0.0563
0.0563
0.0563
0.0563
0.0562
0.0562
0.0562
0.0562
0.0562
0.0562
0.0562
0.0562
0.0562
0.0561
0.0561
0.0561
0.0561
0.0561
0.0561
0.0561
0.0561
0.0561
0.0561
0.0560
0.0560
0.0560
0.0560
0.0560
0.0560
0.0560
0.0560
0.0560
0.0560
0.0559
0.0559
0.0559
0.0559
0.0559
0.0559
0.0559
0.0559
0.0559
0.0559
0.0558
0.0558
0.0558
0.0558
0.0558
0.0558
0.0558
0.0558
0.0558
0.0558
0.0557
0.0557
0.0557
0.0557
0.0557
0.0557
0.0557
0.0557
0.0557
0.0557
0.0556
0.0556
0.0556
0.0556
0.0556
0.0556
0.0556
0.0556
0.0556
0.0556
0.0555
0.0555
0.0555
0.0555
0.0555
0.0555
0.0555
0.0555
0.0555
0.0555
0.0554
0.0554
0.0554
0.0554
0.0554
0.0554
0.0554
0.0554
0.0554
0.0554
0.0553
0.0553
0.0553
0.0553
0.0553
0.0553
0.0553
0.0553
0.0553
0.0553
0.0552
0.0552
0.0552
0.0552
0.0552
0.0552
0.0552
0.0552
0.0552
0.0552
0.0551
0.0551
0.0551
0.0551
0.0551
0.0551
0.0551
0.0551
0.0551
0.0551
0.0551
0.0550
0.0550
0.0550
0.0550
0.0550
0.0550
0.0550
0.0550
0.0550
0.0550
0.0549
0.0549
0.0549
0.0549
0.0549
0.0549
0.0549
0.0549
0.0549
0.0549
0.0548
0.0548
0.0548
0.0548
0.0548
0.0548
0.0548
0.0548
0.0548
0.0548
0.0547
0.0547
0.0547
0.0547
0.0547
0.0547
0.0547
0.0547
0.0547
0.0547
0.0547
0.0546
0.0546
0.0546
0.0546
0.0546
0.0546
0.0546
0.0546
0.0546
0.0546
0.0545
0.0545
0.0545
0.0545
0.0545
0.0545
0.0545
0.0545
0.0545
0.0545
0.0545
0.0544
0.0544
0.0544
0.0544
0.0544
0.0544
0.0544
0.0544
0.0544
0.0544
0.0543
0.0543
0.0543
0.0543
0.0543
0.0543
0.0543
0.0543
0.0543
0.0543
0.0543
0.0542
0.0542
0.0542
0.0542
0.0542
0.0542
0.0542
0.0542
0.0542
0.0542
0.0541
0.0541
0.0541
0.0541
0.0541
0.0541
0.0541
0.0541
0.0541
0.0541
0.0541
0.0540
0.0540
0.0540
0.0540
0.0540
0.0540
0.0540
0.0540
0.0540
0.0540
0.0539
0.0539
0.0539
0.0539
0.0539
0.0539
0.0539
0.0539
0.0539
0.0539
0.0539
0.0538
0.0538
0.0538
0.0538
0.0538
0.0538
0.0538
0.0538
0.0538
0.0538
0.0538
0.0537
0.0537
0.0537
0.0537
0.0537
0.0537
0.0537
0.0537
0.0537
0.0537
0.0536
0.0536
0.0536
0.0536
0.0536
0.0536
0.0536
0.0536
0.0536
0.0536
0.0536
0.0535
0.0535
0.0535
0.0535
0.0535
0.0535
0.0535
0.0535
0.0535
0.0535
0.0535
0.0534
0.0534
0.0534
0.0534
0.0534
0.0534
0.0534
0.0534
0.0534
0.0534
0.0534
0.0533
0.0533
0.0533
0.0533
0.0533
0.0533
0.0533
0.0533
0.0533
0.0533
0.0533
0.0532
0.0532
0.0532
0.0532
0.0532
0.0532
0.0532
0.0532
0.0532
0.0532
0.0532
0.0531
0.0531
0.0531
0.0531
0.0531
0.0531
0.0531
0.0531
0.0531
0.0531
0.0531
0.0530
0.0530
0.0530
0.0530
0.0530
0.0530
0.0530
0.0530
0.0530
0.0530
0.0530
0.0529
0.0529
0.0529
0.0529
0.0529
0.0529
0.0529
0.0529
0.0529
0.0529
0.0529
0.0528
0.0528
0.0528
0.0528
0.0528
0.0528
0.0528
0.0528
0.0528
0.0528
0.0528
0.0527
0.0527
0.0527
0.0527
0.0527
0.0527
0.0527
0.0527
0.0527
0.0527
0.0527
0.0526
0.0526
0.0526
0.0526
0.0526
0.0526
0.0526
0.0526
0.0526
0.0526
0.0526
0.0525
0.0525
0.0525
0.0525
0.0525
0.0525
0.0525
0.0525
0.0525
0.0525
0.0525
0.0524
0.0524
0.0524
0.0524
0.0524
0.0524
0.0524
0.0524
0.0524
0.0524
0.0524
0.0524
0.0523
0.0523
0.0523
0.0523
0.0523
0.0523
0.0523
0.0523
0.0523
0.0523
0.0523
0.0522
0.0522
0.0522
0.0522
0.0522
0.0522
0.0522
0.0522
0.0522
0.0522
0.0522
0.0521
0.0521
0.0521
0.0521
0.0521
0.0521
0.0521
0.0521
0.0521
0.0521
0.0521
0.0521
0.0520
0.0520
0.0520
0.0520
0.0520
0.0520
0.0520
0.0520
0.0520
0.0520
0.0520
0.0519
0.0519
0.0519
0.0519
0.0519
0.0519
0.0519
0.0519
0.0519
0.0519
0.0519
0.0519
0.0518
0.0518
0.0518
0.0518
0.0518
0.0518
0.0518
0.0518
0.0518
0.0518
0.0518
0.0517
0.0517
0.0517
0.0517
0.0517
0.0517
0.0517
0.0517
0.0517
0.0517
0.0517
0.0517
0.0516
0.0516
0.0516
0.0516
0.0516
0.0516
0.0516
0.0516
0.0516
0.0516
0.0516
0.0516
0.0515
0.0515
0.0515
0.0515
0.0515
0.0515
0.0515
0.0515
0.0515
0.0515
0.0515
0.0514
0.0514
0.0514
0.0514
0.0514
0.0514
0.0514
0.0514
0.0514
0.0514
0.0514
0.0514
0.0513
0.0513
0.0513
0.0513
0.0513
0.0513
0.0513
0.0513
0.0513
0.0513
0.0513
0.0513
0.0512
0.0512
0.0512
0.0512
0.0512
0.0512
0.0512
0.0512
0.0512
0.0512
0.0512
0.0512
0.0511
0.0511
0.0511
0.0511
0.0511
0.0511
0.0511
0.0511
0.0511
0.0511
0.0511
0.0510
0.0510
0.0510
0.0510
0.0510
0.0510
0.0510
0.0510
0.0510
0.0510
0.0510
0.0510
0.0509
0.0509
0.0509
0.0509
0.0509
0.0509
0.0509
0.0509
0.0509
0.0509
0.0509
0.0509
0.0508
0.0508
0.0508
0.0508
0.0508
0.0508
0.0508
0.0508
0.0508
0.0508
0.0508
0.0508
0.0507
0.0507
0.0507
0.0507
0.0507
0.0507
0.0507
0.0507
0.0507
0.0507
0.0507
0.0507
0.0506
0.0506
0.0506
0.0506
0.0506
0.0506
0.0506
0.0506
0.0506
0.0506
0.0506
0.0506
0.0505
0.0505
0.0505
0.0505
0.0505
0.0505
0.0505
0.0505
0.0505
0.0505
0.0505
0.0505
0.0505
0.0504
0.0504
0.0504
0.0504
0.0504
0.0504
0.0504
0.0504
0.0504
0.0504
0.0504
0.0504
0.0503
0.0503
0.0503
0.0503
0.0503
0.0503
0.0503
0.0503
0.0503
0.0503
0.0503
0.0503
0.0502
0.0502
0.0502
0.0502
0.0502
0.0502
0.0502
0.0502
0.0502
0.0502
0.0502
0.0502
0.0501
0.0501
0.0501
0.0501
0.0501
0.0501
0.0501
0.0501
0.0501
0.0501
0.0501
0.0501
0.0501
0.0500
0.0500
0.0500
0.0500
0.0500
0.0500
0.0500
0.0500
0.0500
0.0500
0.0500
0.0500
0.0499
0.0499
0.0499
0.0499
0.0499
0.0499
0.0499
0.0499
0.0499
0.0499
0.0499
0.0499
0.0498
0.0498
0.0498
0.0498
0.0498
0.0498
0.0498
0.0498
0.0498
0.0498
0.0498
0.0498
0.0498
0.0497
0.0497
0.0497
0.0497
0.0497
0.0497
0.0497
0.0497
0.0497
0.0497
0.0497
0.0497
0.0496
0.0496
0.0496
0.0496
0.0496
0.0496
0.0496
0.0496
0.0496
0.0496
0.0496
0.0496
0.0496
0.0495
0.0495
0.0495
0.0495
0.0495
0.0495
0.0495
0.0495
0.0495
0.0495
0.0495
0.0495
0.0495
0.0494
0.0494
0.0494
0.0494
0.0494
0.0494
0.0494
0.0494
0.0494
0.0494
0.0494
0.0494
0.0493
0.0493
0.0493
0.0493
0.0493
0.0493
0.0493
0.0493
0.0493
0.0493
0.0493
0.0493
0.0493
0.0492
0.0492
0.0492
0.0492
0.0492
0.0492
0.0492
0.0492
0.0492
0.0492
0.0492
0.0492
0.0492
0.0491
0.0491
0.0491
0.0491
0.0491
0.0491
0.0491
0.0491
0.0491
0.0491
0.0491
0.0491
0.0491
0.0490
0.0490
0.0490
0.0490
0.0490
0.0490
0.0490
0.0490
0.0490
0.0490
0.0490
0.0490
0.0490
0.0489
0.0489
0.0489
0.0489
0.0489
0.0489
0.0489
0.0489
0.0489
0.0489
0.0489
0.0489
0.0489
0.0488
0.0488
0.0488
0.0488
0.0488
0.0488
0.0488
0.0488
0.0488
0.0488
0.0488
0.0488
0.0488
0.0487
0.0487
0.0487
0.0487
0.0487
0.0487
0.0487
0.0487
0.0487
0.0487
0.0487
0.0487
0.0487
0.0486
0.0486
0.0486
0.0486
0.0486
0.0486
0.0486
0.0486
0.0486
0.0486
0.0486
0.0486
0.0486
0.0485
0.0485
0.0485
0.0485
0.0485
0.0485
0.0485
0.0485
0.0485
0.0485
0.0485
0.0485
0.0485
0.0484
0.0484
0.0484
0.0484
0.0484
0.0484
0.0484
0.0484
0.0484
0.0484
0.0484
0.0484
0.0484
0.0483
0.0483
0.0483
0.0483
0.0483
0.0483
0.0483
0.0483
0.0483
0.0483
0.0483
0.0483
0.0483
0.0482
0.0482
0.0482
0.0482
0.0482
0.0482
0.0482
0.0482
0.0482
0.0482
0.0482
0.0482
0.0482
0.0482
0.0481
0.0481
0.0481
0.0481
0.0481
0.0481
0.0481
0.0481
0.0481
0.0481
0.0481
0.0481
0.0481
0.0480
0.0480
0.0480
0.0480
0.0480
0.0480
0.0480
0.0480
0.0480
0.0480
0.0480
0.0480
0.0480
0.0480
0.0479
0.0479
0.0479
0.0479
0.0479
0.0479
0.0479
0.0479
0.0479
0.0479
0.0479
0.0479
0.0479
0.0478
0.0478
0.0478
0.0478
0.0478
0.0478
0.0478
0.0478
0.0478
0.0478
0.0478
0.0478
0.0478
0.0478
0.0477
0.0477
0.0477
0.0477
0.0477
0.0477
0.0477
0.0477
0.0477
0.0477
0.0477
0.0477
0.0477
0.0476
0.0476
0.0476
0.0476
0.0476
0.0476
0.0476
0.0476
0.0476
0.0476
0.0476
0.0476
0.0476
0.0476
0.0475
0.0475
0.0475
0.0475
0.0475
0.0475
0.0475
0.0475
0.0475
0.0475
0.0475
0.0475
0.0475
0.0475
0.0474
0.0474
0.0474
0.0474
0.0474
0.0474
0.0474
0.0474
0.0474
0.0474
0.0474
0.0474
0.0474
0.0473
0.0473
0.0473
0.0473
0.0473
0.0473
0.0473
0.0473
0.0473
0.0473
0.0473
0.0473
0.0473
0.0473
0.0472
0.0472
0.0472
0.0472
0.0472
0.0472
0.0472
0.0472
0.0472
0.0472
0.0472
0.0472
0.0472
0.0472
0.0471
0.0471
0.0471
0.0471
0.0471
0.0471
0.0471
0.0471
0.0471
0.0471
0.0471
0.0471
0.0471
0.0471
0.0470
0.0470
0.0470
0.0470
0.0470
0.0470
0.0470
0.0470
0.0470
0.0470
0.0470
0.0470
0.0470
0.0470
0.0469
0.0469
0.0469
0.0469
0.0469
0.0469
0.0469
0.0469
0.0469
0.0469
0.0469
0.0469
0.0469
0.0469
0.0468
0.0468
0.0468
0.0468
0.0468
0.0468
0.0468
0.0468
0.0468
0.0468
0.0468
0.0468
0.0468
0.0468
0.0467
0.0467
0.0467
0.0467
0.0467
0.0467
0.0467
0.0467
0.0467
0.0467
0.0467
0.0467
0.0467
0.0467
0.0467
0.0466
0.0466
0.0466
0.0466
0.0466
0.0466
0.0466
0.0466
0.0466
0.0466
0.0466
0.0466
0.0466
0.0466
0.0465
0.0465
0.0465
0.0465
0.0465
0.0465
0.0465
0.0465
0.0465
0.0465
0.0465
0.0465
0.0465
0.0465
0.0464
0.0464
0.0464
0.0464
0.0464
0.0464
0.0464
0.0464
0.0464
0.0464
0.0464
0.0464
0.0464
0.0464
0.0464
0.0463
0.0463
0.0463
0.0463
0.0463
0.0463
0.0463
0.0463
0.0463
0.0463
0.0463
0.0463
0.0463
0.0463
0.0462
0.0462
0.0462
0.0462
0.0462
0.0462
0.0462
0.0462
0.0462
0.0462
0.0462
0.0462
0.0462
0.0462
0.0461
0.0461
0.0461
0.0461
0.0461
0.0461
0.0461
0.0461
0.0461
0.0461
0.0461
0.0461
0.0461
0.0461
0.0461
0.0460
0.0460
0.0460
0.0460
0.0460
0.0460
0.0460
0.0460
0.0460
0.0460
0.0460
0.0460
0.0460
0.0460
0.0460
0.0459
0.0459
0.0459
0.0459
0.0459
0.0459
0.0459
0.0459
0.0459
0.0459
0.0459
0.0459
0.0459
0.0459
0.0458
0.0458
0.0458
0.0458
0.0458
0.0458
0.0458
0.0458
0.0458
0.0458
0.0458
0.0458
0.0458
0.0458
0.0458
0.0457
0.0457
0.0457
0.0457
0.0457
0.0457
0.0457
0.0457
0.0457
0.0457
0.0457
0.0457
0.0457
0.0457
0.0457
0.0456
0.0456
0.0456
0.0456
0.0456
0.0456
0.0456
0.0456
0.0456
0.0456
0.0456
0.0456
0.0456
0.0456
0.0456
0.0455
0.0455
0.0455
0.0455
0.0455
0.0455
0.0455
0.0455
0.0455
0.0455
0.0455
0.0455
0.0455
0.0455
0.0455
0.0454
0.0454
0.0454
0.0454
0.0454
0.0454
0.0454
0.0454
0.0454
0.0454
0.0454
0.0454
0.0454
0.0454
0.0454
0.0453
0.0453
0.0453
0.0453
0.0453
0.0453
0.0453
0.0453
0.0453
0.0453
0.0453
0.0453
0.0453
0.0453
0.0453
0.0452
0.0452
0.0452
0.0452
0.0452
0.0452
0.0452
0.0452
0.0452
0.0452
0.0452
0.0452
0.0452
0.0452
0.0452
0.0451
0.0451
0.0451
0.0451
0.0451
0.0451
0.0451
0.0451
0.0451
0.0451
0.0451
0.0451
0.0451
0.0451
0.0451
0.0450
0.0450
0.0450
0.0450
0.0450
0.0450
0.0450
0.0450
0.0450
0.0450
0.0450
0.0450
0.0450
0.0450
0.0450
0.0450
0.0449
0.0449
0.0449
0.0449
0.0449
0.0449
0.0449
0.0449
0.0449
0.0449
0.0449
0.0449
0.0449
0.0449
0.0449
0.0448
0.0448
0.0448
0.0448
0.0448
0.0448
0.0448
0.0448
0.0448
0.0448
0.0448
0.0448
0.0448
0.0448
0.0448
0.0447
0.0447
0.0447
0.0447
0.0447
0.0447
0.0447
0.0447
0.0447
0.0447
0.0447
0.0447
0.0447
0.0447
0.0447
0.0447
0.0446
0.0446
0.0446
0.0446
0.0446
0.0446
0.0446
0.0446
0.0446
0.0446
0.0446
0.0446
0.0446
0.0446
0.0446
0.0445
0.0445
0.0445
0.0445
0.0445
0.0445
0.0445
0.0445
0.0445
0.0445
0.0445
0.0445
0.0445
0.0445
0.0445
0.0445
0.0444
0.0444
0.0444
0.0444
0.0444
0.0444
0.0444
0.0444
0.0444
0.0444
0.0444
0.0444
0.0444
0.0444
0.0444
0.0444
0.0443
0.0443
0.0443
0.0443
0.0443
0.0443
0.0443
0.0443
0.0443
0.0443
0.0443
0.0443
0.0443
0.0443
0.0443
0.0443
0.0442
0.0442
0.0442
0.0442
0.0442
0.0442
0.0442
0.0442
0.0442
0.0442
0.0442
0.0442
0.0442
0.0442
0.0442
0.0441
0.0441
0.0441
0.0441
0.0441
0.0441
0.0441
0.0441
0.0441
0.0441
0.0441
0.0441
0.0441
0.0441
0.0441
0.0441
0.0440
0.0440
0.0440
0.0440
0.0440
0.0440
0.0440
0.0440
0.0440
0.0440
0.0440
0.0440
0.0440
0.0440
0.0440
0.0440
0.0439
0.0439
0.0439
0.0439
0.0439
0.0439
0.0439
0.0439
0.0439
0.0439
0.0439
0.0439
0.0439
0.0439
0.0439
0.0439
0.0438
0.0438
0.0438
0.0438
0.0438
0.0438
0.0438
0.0438
0.0438
0.0438
0.0438
0.0438
0.0438
0.0438
0.0438
0.0438
0.0438
0.0437
0.0437
0.0437
0.0437
0.0437
0.0437
0.0437
0.0437
0.0437
0.0437
0.0437
0.0437
0.0437
0.0437
0.0437
0.0437
0.0436
0.0436
0.0436
0.0436
0.0436
0.0436
0.0436
0.0436
0.0436
0.0436
0.0436
0.0436
0.0436
0.0436
0.0436
0.0436
0.0435
0.0435
0.0435
0.0435
0.0435
0.0435
0.0435
0.0435
0.0435
0.0435
0.0435
0.0435
0.0435
0.0435
0.0435
0.0435
0.0434
0.0434
0.0434
0.0434
0.0434
0.0434
0.0434
0.0434
0.0434
0.0434
0.0434
0.0434
0.0434
0.0434
0.0434
0.0434
0.0434
0.0433
0.0433
0.0433
0.0433
0.0433
0.0433
0.0433
0.0433
0.0433
0.0433
0.0433
0.0433
0.0433
0.0433
0.0433
0.0433
0.0432
0.0432
0.0432
0.0432
0.0432
0.0432
0.0432
0.0432
0.0432
0.0432
0.0432
0.0432
0.0432
0.0432
0.0432
0.0432
0.0432
0.0431
0.0431
0.0431
0.0431
0.0431
0.0431
0.0431
0.0431
0.0431
0.0431
0.0431
0.0431
0.0431
0.0431
0.0431
0.0431
0.0431
0.0430
0.0430
0.0430
0.0430
0.0430
0.0430
0.0430
0.0430
0.0430
0.0430
0.0430
0.0430
0.0430
0.0430
0.0430
0.0430
0.0429
0.0429
0.0429
0.0429
0.0429
0.0429
0.0429
0.0429
0.0429
0.0429
0.0429
0.0429
0.0429
0.0429
0.0429
0.0429
0.0429
0.0428
0.0428
0.0428
0.0428
0.0428
0.0428
0.0428
0.0428
0.0428
0.0428
0.0428
0.0428
0.0428
0.0428
0.0428
0.0428
0.0428
0.0427
0.0427
0.0427
0.0427
0.0427
0.0427
0.0427
0.0427
0.0427
0.0427
0.0427
0.0427
0.0427
0.0427
0.0427
0.0427
0.0427
0.0426
0.0426
0.0426
0.0426
0.0426
0.0426
0.0426
0.0426
0.0426
0.0426
0.0426
0.0426
0.0426
0.0426
0.0426
0.0426
0.0426
0.0425
0.0425
0.0425
0.0425
0.0425
0.0425
0.0425
0.0425
0.0425
0.0425
0.0425
0.0425
0.0425
0.0425
0.0425
0.0425
0.0425
0.0424
0.0424
0.0424
0.0424
0.0424
0.0424
0.0424
0.0424
0.0424
0.0424
0.0424
0.0424
0.0424
0.0424
0.0424
0.0424
0.0424
0.0424
0.0423
0.0423
0.0423
0.0423
0.0423
0.0423
0.0423
0.0423
0.0423
0.0423
0.0423
0.0423
0.0423
0.0423
0.0423
0.0423
0.0423
0.0422
0.0422
0.0422
0.0422
0.0422
0.0422
0.0422
0.0422
0.0422
0.0422
0.0422
0.0422
0.0422
0.0422
0.0422
0.0422
0.0422
0.0421
0.0421
0.0421
0.0421
0.0421
0.0421
0.0421
0.0421
0.0421
0.0421
0.0421
0.0421
0.0421
0.0421
0.0421
0.0421
0.0421
0.0421
0.0420
0.0420
0.0420
0.0420
0.0420
0.0420
0.0420
0.0420
0.0420
0.0420
0.0420
0.0420
0.0420
0.0420
0.0420
0.0420
0.0420
0.0419
0.0419
0.0419
0.0419
0.0419
0.0419
0.0419
0.0419
0.0419
0.0419
0.0419
0.0419
0.0419
0.0419
0.0419
0.0419
0.0419
0.0419
0.0418
0.0418
0.0418
0.0418
0.0418
0.0418
0.0418
0.0418
0.0418
0.0418
0.0418
0.0418
0.0418
0.0418
0.0418
0.0418
0.0418
0.0418
0.0417
0.0417
0.0417
0.0417
0.0417
0.0417
0.0417
0.0417
0.0417
0.0417
0.0417
0.0417
0.0417
0.0417
0.0417
0.0417
0.0417
0.0416
0.0416
0.0416
0.0416
0.0416
0.0416
0.0416
0.0416
0.0416
0.0416
0.0416
0.0416
0.0416
0.0416
0.0416
0.0416
0.0416
0.0416
0.0415
0.0415
0.0415
0.0415
0.0415
0.0415
0.0415
0.0415
0.0415
0.0415
0.0415
0.0415
0.0415
0.0415
0.0415
0.0415
0.0415
0.0415
0.0414
0.0414
0.0414
0.0414
0.0414
0.0414
0.0414
0.0414
0.0414
0.0414
0.0414
0.0414
0.0414
0.0414
0.0414
0.0414
0.0414
0.0414
0.0413
0.0413
0.0413
0.0413
0.0413
0.0413
0.0413
0.0413
0.0413
0.0413
0.0413
0.0413
0.0413
0.0413
0.0413
0.0413
0.0413
0.0413
0.0413
0.0412
0.0412
0.0412
0.0412
0.0412
0.0412
0.0412
0.0412
0.0412
0.0412
0.0412
0.0412
0.0412
0.0412
0.0412
0.0412
0.0412
0.0412
0.0411
0.0411
0.0411
0.0411
0.0411
0.0411
0.0411
0.0411
0.0411
0.0411
0.0411
0.0411
0.0411
0.0411
0.0411
0.0411
0.0411
0.0411
0.0410
0.0410
0.0410
0.0410
0.0410
0.0410
0.0410
0.0410
0.0410
0.0410
0.0410
0.0410
0.0410
0.0410
0.0410
0.0410
0.0410
0.0410
0.0410
0.0409
0.0409
0.0409
0.0409
0.0409
0.0409
0.0409
0.0409
0.0409
0.0409
0.0409
0.0409
0.0409
0.0409
0.0409
0.0409
0.0409
0.0409
0.0408
0.0408
0.0408
0.0408
0.0408
0.0408
0.0408
0.0408
0.0408
0.0408
0.0408
0.0408
0.0408
0.0408
0.0408
0.0408
0.0408
0.0408
0.0408
0.0407
0.0407
0.0407
0.0407
0.0407
0.0407
0.0407
0.0407
0.0407
0.0407
0.0407
0.0407
0.0407
0.0407
0.0407
0.0407
0.0407
0.0407
0.0406
0.0406
0.0406
0.0406
0.0406
0.0406
0.0406
0.0406
0.0406
0.0406
0.0406
0.0406
0.0406
0.0406
0.0406
0.0406
0.0406
0.0406
0.0406
0.0405
0.0405
0.0405
0.0405
0.0405
0.0405
0.0405
0.0405
0.0405
0.0405
0.0405
0.0405
0.0405
0.0405
0.0405
0.0405
0.0405
0.0405
0.0405
0.0404
0.0404
0.0404
0.0404
0.0404
0.0404
0.0404
0.0404
0.0404
0.0404
0.0404
0.0404
0.0404
0.0404
0.0404
0.0404
0.0404
0.0404
0.0404
0.0403
0.0403
0.0403
0.0403
0.0403
0.0403
0.0403
0.0403
0.0403
0.0403
0.0403
0.0403
0.0403
0.0403
0.0403
0.0403
0.0403
0.0403
0.0403
0.0402
0.0402
0.0402
0.0402
0.0402
0.0402
0.0402
0.0402
0.0402
0.0402
0.0402
0.0402
0.0402
0.0402
0.0402
0.0402
0.0402
0.0402
0.0402
0.0401
0.0401
0.0401
0.0401
0.0401
0.0401
0.0401
0.0401
0.0401
0.0401
0.0401
0.0401
0.0401
0.0401
0.0401
0.0401
0.0401
0.0401
0.0401
0.0400
0.0400
0.0400
0.0400
0.0400
0.0400
0.0400
0.0400
0.0400
0.0400
0.0400
0.0400
0.0400
0.0400
0.0400
0.0400
0.0400
0.0400
0.0400
0.0400
0.0399
0.0399
0.0399
0.0399
0.0399
0.0399
0.0399
0.0399
0.0399
0.0399
0.0399
0.0399
0.0399
0.0399
0.0399
0.0399
0.0399
0.0399
0.0399
0.0398
0.0398
0.0398
0.0398
0.0398
0.0398
0.0398
0.0398
0.0398
0.0398
0.0398
0.0398
0.0398
0.0398
0.0398
0.0398
0.0398
0.0398
0.0398
0.0398
0.0397
0.0397
0.0397
0.0397
0.0397
0.0397
0.0397
0.0397
0.0397
0.0397
0.0397
0.0397
0.0397
0.0397
0.0397
0.0397
0.0397
0.0397
0.0397
0.0396
0.0396
0.0396
0.0396
0.0396
0.0396
0.0396
0.0396
0.0396
0.0396
0.0396
0.0396
0.0396
0.0396
0.0396
0.0396
0.0396
0.0396
0.0396
0.0396
0.0395
0.0395
0.0395
0.0395
0.0395
0.0395
0.0395
0.0395
0.0395
0.0395
0.0395
0.0395
0.0395
0.0395
0.0395
0.0395
0.0395
0.0395
0.0395
0.0395
0.0394
0.0394
0.0394
0.0394
0.0394
0.0394
0.0394
0.0394
0.0394
0.0394
0.0394
0.0394
0.0394
0.0394
0.0394
0.0394
0.0394
0.0394
0.0394
0.0394
0.0393
0.0393
0.0393
0.0393
0.0393
0.0393
0.0393
0.0393
0.0393
0.0393
0.0393
0.0393
0.0393
0.0393
0.0393
0.0393
0.0393
0.0393
0.0393
0.0393
0.0392
0.0392
0.0392
0.0392
0.0392
0.0392
0.0392
0.0392
0.0392
0.0392
0.0392
0.0392
0.0392
0.0392
0.0392
0.0392
0.0392
0.0392
0.0392
0.0392
0.0391
0.0391
0.0391
0.0391
0.0391
0.0391
0.0391
0.0391
0.0391
0.0391
0.0391
0.0391
0.0391
0.0391
0.0391
0.0391
0.0391
0.0391
0.0391
0.0391
0.0390
0.0390
0.0390
0.0390
0.0390
0.0390
0.0390
0.0390
0.0390
0.0390
0.0390
0.0390
0.0390
0.0390
0.0390
0.0390
0.0390
0.0390
0.0390
0.0390
0.0390
0.0389
0.0389
0.0389
0.0389
0.0389
0.0389
0.0389
0.0389
0.0389
0.0389
0.0389
0.0389
0.0389
0.0389
0.0389
0.0389
0.0389
0.0389
0.0389
0.0389
0.0388
0.0388
0.0388
0.0388
0.0388
0.0388
0.0388
0.0388
0.0388
0.0388
0.0388
0.0388
0.0388
0.0388
0.0388
0.0388
0.0388
0.0388
0.0388
0.0388
0.0388
0.0387
0.0387
0.0387
0.0387
0.0387
0.0387
0.0387
0.0387
0.0387