#bfield(Gauss)	a12	a13	a23(a0)
1	-0.7	-820.4	24.6
2	-0.7	-693.3	24.0
3	-0.8	-623.9	23.4
4	-0.8	-578.2	22.8
5	-0.9	-545.3	22.2
6	-1.1	-520.4	21.6
7	-1.2	-500.7	20.9
8	-1.4	-484.9	20.3
9	-1.6	-472.0	19.6
10	-1.8	-461.3	18.9
11	-2.0	-452.3	18.2
12	-2.3	-444.8	17.4
13	-2.6	-438.4	16.7
14	-2.9	-433.0	15.9
15	-3.2	-428.4	15.1
16	-3.6	-424.6	14.3
17	-3.9	-421.3	13.4
18	-4.3	-418.6	12.6
19	-4.7	-416.4	11.7
20	-5.2	-414.6	10.8
21	-5.6	-413.2	9.9
22	-6.1	-412.1	9.0
23	-6.6	-411.3	8.0
24	-7.1	-410.7	7.0
25	-7.7	-410.4	6.0
26	-8.3	-410.4	5.0
27	-8.8	-410.5	3.9
28	-9.5	-410.8	2.9
29	-10.1	-411.3	1.8
30	-10.7	-412.0	0.7
31	-11.4	-412.8	-0.4
32	-12.1	-413.8	-1.6
33	-12.8	-414.8	-2.7
34	-13.6	-416.0	-3.9
35	-14.3	-417.3	-5.1
36	-15.1	-418.7	-6.4
37	-15.9	-420.2	-7.6
38	-16.7	-421.8	-8.9
39	-17.5	-423.4	-10.2
40	-18.4	-425.2	-11.6
41	-19.3	-427.0	-12.9
42	-20.2	-428.9	-14.3
43	-21.1	-430.8	-15.7
44	-22.0	-432.8	-17.1
45	-22.9	-434.9	-18.5
46	-23.9	-437.0	-20.0
47	-24.9	-439.1	-21.5
48	-25.9	-441.4	-23.0
49	-26.9	-443.6	-24.5
50	-27.9	-445.9	-26.0
51	-29.0	-448.2	-27.6
52	-30.0	-450.6	-29.2
53	-31.1	-453.0	-30.8
54	-32.2	-455.4	-32.4
55	-33.3	-457.9	-34.0
56	-34.4	-460.4	-35.7
57	-35.5	-462.9	-37.4
58	-36.7	-465.4	-39.1
59	-37.9	-468.0	-40.8
60	-39.0	-470.6	-42.5
61	-40.2	-473.2	-44.3
62	-41.4	-475.8	-46.0
63	-42.6	-478.4	-47.8
64	-43.9	-481.1	-49.6
65	-45.1	-483.8	-51.4
66	-46.3	-486.4	-53.3
67	-47.6	-489.1	-55.1
68	-48.9	-491.8	-57.0
69	-50.1	-494.6	-58.8
70	-51.4	-497.3	-60.7
71	-52.7	-500.0	-62.6
72	-54.0	-502.8	-64.5
73	-55.3	-505.5	-66.5
74	-56.7	-508.3	-68.4
75	-58.0	-511.1	-70.4
76	-59.3	-513.8	-72.3
77	-60.7	-516.6	-74.3
78	-62.0	-519.4	-76.3
79	-63.4	-522.2	-78.3
80	-64.8	-524.9	-80.3
81	-66.2	-527.7	-82.4
82	-67.5	-530.5	-84.4
83	-68.9	-533.3	-86.4
84	-70.3	-536.1	-88.5
85	-71.7	-538.9	-90.6
86	-73.1	-541.6	-92.6
87	-74.5	-544.4	-94.7
88	-75.9	-547.2	-96.8
89	-77.4	-550.0	-98.9
90	-78.8	-552.8	-101.0
91	-80.2	-555.5	-103.1
92	-81.6	-558.3	-105.2
93	-83.1	-561.1	-107.3
94	-84.5	-563.8	-109.5
95	-85.9	-566.6	-111.6
96	-87.4	-569.3	-113.8
97	-88.8	-572.1	-115.9
98	-90.3	-574.8	-118.0
99	-91.7	-577.6	-120.2
100	-93.2	-580.3	-122.4
101	-94.6	-583.0	-124.5
102	-96.1	-585.7	-126.7
103	-97.5	-588.4	-128.9
104	-99.0	-591.1	-131.0
105	-100.4	-593.8	-133.2
106	-101.9	-596.5	-135.4
107	-103.3	-599.2	-137.6
108	-104.8	-601.8	-139.8
109	-106.2	-604.5	-142.0
110	-107.7	-607.1	-144.2
111	-109.1	-609.8	-146.3
112	-110.6	-612.4	-148.5
113	-112.0	-615.0	-150.7
114	-113.5	-617.7	-152.9
115	-115.0	-620.3	-155.1
116	-116.4	-622.9	-157.3
117	-117.9	-625.4	-159.5
118	-119.3	-628.0	-161.7
119	-120.7	-630.6	-163.9
120	-122.2	-633.1	-166.1
121	-123.6	-635.7	-168.3
122	-125.1	-638.2	-170.5
123	-126.5	-640.7	-172.7
124	-128.0	-643.3	-174.9
125	-129.4	-645.8	-177.0
126	-130.8	-648.2	-179.2
127	-132.3	-650.7	-181.4
128	-133.7	-653.2	-183.6
129	-135.1	-655.6	-185.8
130	-136.5	-658.1	-188.0
131	-137.9	-660.5	-190.1
132	-139.4	-662.9	-192.3
133	-140.8	-665.4	-194.5
134	-142.2	-667.7	-196.6
135	-143.6	-670.1	-198.8
136	-145.0	-672.5	-201.0
137	-146.4	-674.9	-203.1
138	-147.8	-677.2	-205.3
139	-149.2	-679.6	-207.4
140	-150.6	-681.9	-209.6
141	-152.0	-684.2	-211.7
142	-153.3	-686.5	-213.8
143	-154.7	-688.8	-216.0
144	-156.1	-691.1	-218.1
145	-157.4	-693.3	-220.2
146	-158.8	-695.6	-222.3
147	-160.2	-697.8	-224.5
148	-161.5	-700.0	-226.6
149	-162.9	-702.3	-228.7
150	-164.2	-704.5	-230.8
151	-165.6	-706.6	-232.9
152	-166.9	-708.8	-235.0
153	-168.2	-711.0	-237.0
154	-169.5	-713.1	-239.1
155	-170.9	-715.3	-241.2
156	-172.2	-717.4	-243.2
157	-173.5	-719.5	-245.3
158	-174.8	-721.6	-247.4
159	-176.1	-723.7	-249.4
160	-177.4	-725.8	-251.4
161	-178.7	-727.8	-253.5
162	-180.0	-729.9	-255.5
163	-181.2	-731.9	-257.5
164	-182.5	-733.9	-259.5
165	-183.8	-735.9	-261.5
166	-185.0	-737.9	-263.6
167	-186.3	-739.9	-265.5
168	-187.5	-741.9	-267.5
169	-188.8	-743.8	-269.5
170	-190.0	-745.8	-271.5
171	-191.2	-747.7	-273.4
172	-192.5	-749.6	-275.4
173	-193.7	-751.5	-277.4
174	-194.9	-753.4	-279.3
175	-196.1	-755.3	-281.2
176	-197.3	-757.2	-283.2
177	-198.5	-759.0	-285.1
178	-199.7	-760.9	-287.0
179	-200.9	-762.7	-288.9
180	-202.0	-764.5	-290.8
181	-203.2	-766.3	-292.7
182	-204.4	-768.1	-294.6
183	-205.5	-769.8	-296.4
184	-206.7	-771.6	-298.3
185	-207.8	-773.3	-300.2
186	-209.0	-775.1	-302.0
187	-210.1	-776.8	-303.9
188	-211.2	-778.5	-305.7
189	-212.3	-780.2	-307.5
190	-213.4	-781.9	-309.3
191	-214.5	-783.5	-311.1
192	-215.6	-785.2	-312.9
193	-216.7	-786.8	-314.7
194	-217.8	-788.5	-316.5
195	-218.9	-790.1	-318.3
196	-220.0	-791.7	-320.1
197	-221.0	-793.3	-321.8
198	-222.1	-794.9	-323.6
199	-223.1	-796.4	-325.3
200	-224.2	-798.0	-327.0
201	-225.2	-799.5	-328.8
202	-226.2	-801.0	-330.5
203	-227.2	-802.5	-332.2
204	-228.2	-804.0	-333.9
205	-229.3	-805.5	-335.6
206	-230.2	-807.0	-337.2
207	-231.2	-808.4	-338.9
208	-232.2	-809.9	-340.6
209	-233.2	-811.3	-342.2
210	-234.2	-812.7	-343.8
211	-235.1	-814.2	-345.5
212	-236.1	-815.5	-347.1
213	-237.0	-816.9	-348.7
214	-238.0	-818.3	-350.3
215	-238.9	-819.7	-351.9
216	-239.8	-821.0	-353.5
217	-240.7	-822.3	-355.1
218	-241.6	-823.6	-356.6
219	-242.5	-824.9	-358.2
220	-243.4	-826.2	-359.7
221	-244.3	-827.5	-361.3
222	-245.2	-828.8	-362.8
223	-246.1	-830.0	-364.3
224	-246.9	-831.3	-365.8
225	-247.8	-832.5	-367.3
226	-248.6	-833.7	-368.8
227	-249.5	-834.9	-370.3
228	-250.3	-836.1	-371.8
229	-251.1	-837.3	-373.2
230	-251.9	-838.4	-374.7
231	-252.7	-839.6	-376.1
232	-253.5	-840.7	-377.6
233	-254.3	-841.8	-379.0
234	-255.1	-843.0	-380.4
235	-255.9	-844.0	-381.8
236	-256.7	-845.1	-383.2
237	-257.4	-846.2	-384.6
238	-258.2	-847.3	-386.0
239	-258.9	-848.3	-387.3
240	-259.6	-849.3	-388.7
241	-260.4	-850.4	-390.0
242	-261.1	-851.4	-391.4
243	-261.8	-852.4	-392.7
244	-262.5	-853.4	-394.0
245	-263.2	-854.3	-395.3
246	-263.9	-855.3	-396.6
247	-264.6	-856.2	-397.9
248	-265.2	-857.2	-399.2
249	-265.9	-858.1	-400.4
250	-266.5	-859.0	-401.7
251	-267.2	-859.9	-402.9
252	-267.8	-860.8	-404.2
253	-268.4	-861.6	-405.4
254	-269.1	-862.5	-406.6
255	-269.7	-863.3	-407.8
256	-270.3	-864.2	-409.0
257	-270.9	-865.0	-410.2
258	-271.5	-865.8	-411.3
259	-272.0	-866.6	-412.5
260	-272.6	-867.4	-413.7
261	-273.2	-868.1	-414.8
262	-273.7	-868.9	-415.9
263	-274.3	-869.6	-417.1
264	-274.8	-870.4	-418.2
265	-275.3	-871.1	-419.3
266	-275.8	-871.8	-420.4
267	-276.3	-872.5	-421.4
268	-276.8	-873.1	-422.5
269	-277.3	-873.8	-423.6
270	-277.8	-874.5	-424.6
271	-278.3	-875.1	-425.7
272	-278.8	-875.7	-426.7
273	-279.2	-876.3	-427.7
274	-279.7	-876.9	-428.7
275	-280.1	-877.5	-429.7
276	-280.5	-878.1	-430.7
277	-280.9	-878.7	-431.7
278	-281.4	-879.2	-432.7
279	-281.8	-879.8	-433.6
280	-282.2	-880.3	-434.6
281	-282.5	-880.8	-435.5
282	-282.9	-881.3	-436.4
283	-283.3	-881.8	-437.3
284	-283.6	-882.2	-438.2
285	-284.0	-882.7	-439.1
286	-284.3	-883.2	-440.0
287	-284.7	-883.6	-440.9
288	-285.0	-884.0	-441.8
289	-285.3	-884.4	-442.6
290	-285.6	-884.8	-443.4
291	-285.9	-885.2	-444.3
292	-286.2	-885.6	-445.1
293	-286.4	-885.9	-445.9
294	-286.7	-886.3	-446.7
295	-287.0	-886.6	-447.5
296	-287.2	-886.9	-448.3
297	-287.5	-887.2	-449.0
298	-287.7	-887.5	-449.8
299	-287.9	-887.8	-450.5
300	-288.1	-888.0	-451.3
301	-288.3	-888.3	-452.0
302	-288.5	-888.5	-452.7
303	-288.7	-888.8	-453.4
304	-288.9	-889.0	-454.1
305	-289.0	-889.2	-454.8
306	-289.2	-889.4	-455.4
307	-289.3	-889.5	-456.1
308	-289.4	-889.7	-456.7
309	-289.6	-889.8	-457.4
310	-289.7	-890.0	-458.0
311	-289.8	-890.1	-458.6
312	-289.9	-890.2	-459.2
313	-290.0	-890.3	-459.8
314	-290.0	-890.3	-460.4
315	-290.1	-890.4	-461.0
316	-290.2	-890.5	-461.5
317	-290.2	-890.5	-462.1
318	-290.3	-890.5	-462.6
319	-290.3	-890.5	-463.1
320	-290.3	-890.5	-463.7
321	-290.3	-890.5	-464.2
322	-290.3	-890.5	-464.7
323	-290.3	-890.4	-465.1
324	-290.3	-890.3	-465.6
325	-290.2	-890.3	-466.1
326	-290.2	-890.2	-466.5
327	-290.1	-890.1	-467.0
328	-290.1	-890.0	-467.4
329	-290.0	-889.8	-467.8
330	-289.9	-889.7	-468.2
331	-289.8	-889.5	-468.6
332	-289.7	-889.3	-469.0
333	-289.6	-889.2	-469.3
334	-289.5	-889.0	-469.7
335	-289.3	-888.7	-470.0
336	-289.2	-888.5	-470.4
337	-289.0	-888.3	-470.7
338	-288.9	-888.0	-471.0
339	-288.7	-887.7	-471.3
340	-288.5	-887.4	-471.6
341	-288.3	-887.1	-471.9
342	-288.1	-886.8	-472.2
343	-287.9	-886.5	-472.4
344	-287.6	-886.1	-472.6
345	-287.4	-885.7	-472.9
346	-287.1	-885.4	-473.1
347	-286.9	-885.0	-473.3
348	-286.6	-884.6	-473.5
349	-286.3	-884.1	-473.7
350	-286.0	-883.7	-473.9
351	-285.7	-883.2	-474.0
352	-285.4	-882.8	-474.2
353	-285.1	-882.3	-474.3
354	-284.7	-881.8	-474.4
355	-284.4	-881.2	-474.5
356	-284.0	-880.7	-474.6
357	-283.6	-880.1	-474.7
358	-283.3	-879.6	-474.8
359	-282.9	-879.0	-474.9
360	-282.5	-878.4	-474.9
361	-282.0	-877.8	-475.0
362	-281.6	-877.1	-475.0
363	-281.2	-876.5	-475.0
364	-280.7	-875.8	-475.0
365	-280.2	-875.1	-475.0
366	-279.8	-874.4	-475.0
367	-279.3	-873.7	-475.0
368	-278.8	-873.0	-474.9
369	-278.3	-872.2	-474.9
370	-277.8	-871.5	-474.8
371	-277.2	-870.7	-474.7
372	-276.7	-869.9	-474.6
373	-276.1	-869.1	-474.5
374	-275.5	-868.2	-474.4
375	-275.0	-867.4	-474.3
376	-274.4	-866.5	-474.1
377	-273.8	-865.6	-473.9
378	-273.1	-864.7	-473.8
379	-272.5	-863.8	-473.6
380	-271.9	-862.9	-473.4
381	-271.2	-861.9	-473.2
382	-270.5	-860.9	-473.0
383	-269.9	-859.9	-472.7
384	-269.2	-858.9	-472.5
385	-268.5	-857.9	-472.2
386	-267.8	-856.8	-471.9
387	-267.0	-855.7	-471.7
388	-266.3	-854.7	-471.4
389	-265.5	-853.5	-471.0
390	-264.8	-852.4	-470.7
391	-264.0	-851.3	-470.4
392	-263.2	-850.1	-470.0
393	-262.4	-848.9	-469.7
394	-261.6	-847.7	-469.3
395	-260.7	-846.5	-468.9
396	-259.9	-845.2	-468.5
397	-259.0	-844.0	-468.1
398	-258.2	-842.7	-467.6
399	-257.3	-841.4	-467.2
400	-256.4	-840.0	-466.7
401	-255.5	-838.7	-466.2
402	-254.5	-837.3	-465.7
403	-253.6	-835.9	-465.2
404	-252.6	-834.5	-464.7
405	-251.7	-833.1	-464.2
406	-250.7	-831.6	-463.6
407	-249.7	-830.1	-463.1
408	-248.7	-828.6	-462.5
409	-247.7	-827.1	-461.9
410	-246.6	-825.6	-461.3
411	-245.6	-824.0	-460.7
412	-244.5	-822.4	-460.1
413	-243.4	-820.8	-459.4
414	-242.4	-819.1	-458.8
415	-241.2	-817.5	-458.1
416	-240.1	-815.8	-457.4
417	-239.0	-814.1	-456.7
418	-237.8	-812.4	-456.0
419	-236.7	-810.6	-455.2
420	-235.5	-808.8	-454.5
421	-234.3	-807.0	-453.7
422	-233.1	-805.2	-452.9
423	-231.9	-803.3	-452.1
424	-230.6	-801.4	-451.3
425	-229.4	-799.5	-450.5
426	-228.1	-797.6	-449.6
427	-226.8	-795.6	-448.8
428	-225.5	-793.7	-447.9
429	-224.2	-791.7	-447.0
430	-222.9	-789.6	-446.1
431	-221.5	-787.6	-445.2
432	-220.2	-785.5	-444.3
433	-218.8	-783.3	-443.3
434	-217.4	-781.2	-442.3
435	-216.0	-779.0	-441.4
436	-214.5	-776.8	-440.4
437	-213.1	-774.6	-439.3
438	-211.6	-772.3	-438.3
439	-210.2	-770.0	-437.2
440	-208.7	-767.7	-436.2
441	-207.2	-765.4	-435.1
442	-205.6	-763.0	-434.0
443	-204.1	-760.6	-432.9
444	-202.5	-758.1	-431.7
445	-201.0	-755.7	-430.6
446	-199.4	-753.2	-429.4
447	-197.8	-750.6	-428.2
448	-196.1	-748.1	-427.0
449	-194.5	-745.5	-425.8
450	-192.8	-742.8	-424.6
451	-191.1	-740.2	-423.3
452	-189.4	-737.5	-422.0
453	-187.7	-734.7	-420.7
454	-186.0	-732.0	-419.4
455	-184.2	-729.2	-418.1
456	-182.5	-726.3	-416.7
457	-180.7	-723.5	-415.4
458	-178.9	-720.6	-414.0
459	-177.1	-717.6	-412.6
460	-175.2	-714.6	-411.2
461	-173.4	-711.6	-409.7
462	-171.5	-708.6	-408.3
463	-169.6	-705.5	-406.8
464	-167.6	-702.4	-405.3
465	-165.7	-699.2	-403.8
466	-163.8	-696.0	-402.2
467	-161.8	-692.7	-400.7
468	-159.8	-689.4	-399.1
469	-157.8	-686.1	-397.5
470	-155.7	-682.7	-395.9
471	-153.7	-679.3	-394.3
472	-151.6	-675.9	-392.6
473	-149.5	-672.4	-390.9
474	-147.4	-668.8	-389.2
475	-145.2	-665.3	-387.5
476	-143.1	-661.6	-385.8
477	-140.9	-657.9	-384.0
478	-138.7	-654.2	-382.2
479	-136.5	-650.5	-380.4
480	-134.2	-646.6	-378.6
481	-132.0	-642.8	-376.8
482	-129.7	-638.9	-374.9
483	-127.4	-634.9	-373.0
484	-125.0	-630.9	-371.1
485	-122.7	-626.9	-369.2
486	-120.3	-622.8	-367.2
487	-117.9	-618.6	-365.2
488	-115.5	-614.4	-363.2
489	-113.0	-610.1	-361.2
490	-110.6	-605.8	-359.1
491	-108.1	-601.4	-357.1
492	-105.5	-597.0	-355.0
493	-103.0	-592.5	-352.9
494	-100.4	-588.0	-350.7
495	-97.9	-583.4	-348.6
496	-95.3	-578.7	-346.4
497	-92.6	-574.0	-344.2
498	-90.0	-569.2	-341.9
499	-87.3	-564.4	-339.7
500	-84.6	-559.5	-337.4
501	-81.8	-554.5	-335.1
502	-79.1	-549.5	-332.7
503	-76.3	-544.4	-330.3
504	-73.5	-539.3	-328.0
505	-70.6	-534.0	-325.5
506	-67.8	-528.7	-323.1
507	-64.9	-523.4	-320.6
508	-62.0	-517.9	-318.1
509	-59.0	-512.4	-315.6
510	-56.1	-506.9	-313.1
511	-53.1	-501.2	-310.5
512	-50.0	-495.5	-307.9
513	-47.0	-489.7	-305.3
514	-43.9	-483.8	-302.6
515	-40.8	-477.9	-299.9
516	-37.7	-471.8	-297.2
517	-34.5	-465.7	-294.4
518	-31.3	-459.5	-291.7
519	-28.1	-453.2	-288.9
520	-24.8	-446.9	-286.0
521	-21.5	-440.4	-283.2
522	-18.2	-433.9	-280.3
523	-14.8	-427.2	-277.3
524	-11.5	-420.5	-274.4
525	-8.0	-413.7	-271.4
526	-4.6	-406.8	-268.4
527	-1.1	-399.8	-265.3
528	2.4	-392.7	-262.3
529	5.9	-385.5	-259.2
530	9.5	-378.2	-256.0
531	13.2	-370.8	-252.8
532	16.8	-363.2	-249.6
533	20.5	-355.6	-246.4
534	24.3	-347.9	-243.1
535	28.1	-340.0	-239.8
536	31.9	-332.1	-236.4
537	35.8	-324.0	-233.1
538	39.8	-315.8	-229.6
539	43.9	-307.5	-226.2
540	48.2	-299.1	-222.7
541	52.9	-290.5	-219.2
542	58.6	-281.8	-215.6
543	73.3	-273.0	-212.0
544	52.2	-264.0	-208.4
545	62.6	-255.0	-204.7
546	68.2	-245.7	-201.0
547	73.0	-236.4	-197.3
548	77.6	-226.8	-193.5
549	82.0	-217.2	-189.6
550	86.4	-207.4	-185.8
551	90.9	-197.4	-181.9
552	95.3	-187.3	-177.9
553	99.7	-177.0	-173.9
554	104.2	-166.6	-169.9
555	108.7	-156.0	-165.8
556	113.3	-145.2	-161.7
557	117.9	-134.2	-157.6
558	122.5	-123.1	-153.4
559	127.1	-111.8	-149.1
560	131.8	-100.3	-144.8
561	136.5	-88.6	-140.5
562	141.3	-76.7	-136.1
563	146.1	-64.6	-131.7
564	151.0	-52.3	-127.2
565	155.9	-39.8	-122.7
566	160.8	-27.1	-118.2
567	165.8	-14.1	-113.6
568	170.9	-1.0	-108.9
569	176.0	12.4	-104.2
570	181.1	26.1	-99.4
571	186.3	39.9	-94.6
572	191.5	54.1	-89.8
573	196.8	68.5	-84.9
574	202.1	83.1	-79.9
575	207.5	98.0	-74.9
576	212.9	113.2	-69.8
577	218.4	128.7	-64.7
578	223.9	144.4	-59.5
579	229.5	160.5	-54.3
580	235.1	176.8	-49.0
581	240.8	193.5	-43.7
582	246.5	210.5	-38.3
583	252.3	227.9	-32.8
584	258.2	245.5	-27.3
585	264.1	263.6	-21.7
586	270.0	282.0	-16.1
587	276.1	300.7	-10.4
588	282.1	319.9	-4.6
589	288.3	339.4	1.2
590	294.5	359.4	7.1
591	300.7	379.7	13.0
592	307.0	400.5	19.0
593	313.4	421.8	25.1
594	319.9	443.5	31.3
595	326.4	465.6	37.5
596	332.9	488.3	43.8
597	339.6	511.4	50.1
598	346.3	535.1	56.5
599	353.0	559.4	63.0
600	359.9	584.1	69.6
601	366.8	609.5	76.2
602	373.7	635.4	82.9
603	380.8	662.0	89.7
604	387.9	689.2	96.6
605	395.1	717.0	103.5
606	402.3	745.6	110.6
607	409.6	774.8	117.7
608	417.0	804.8	124.8
609	424.5	835.5	132.1
610	432.1	867.0	139.5
611	439.7	899.4	146.9
612	447.4	932.5	154.4
613	455.2	966.6	162.0
614	463.1	1001.6	169.7
615	471.0	1037.5	177.5
616	479.0	1074.5	185.4
617	487.2	1112.4	193.3
618	495.4	1151.5	201.4
619	503.6	1191.6	209.6
620	512.0	1233.0	217.8
621	520.5	1275.5	226.2
622	529.0	1319.4	234.6
623	537.7	1364.5	243.2
624	546.4	1411.1	251.8
625	555.3	1459.1	260.6
626	564.2	1508.7	269.4
627	573.2	1559.8	278.4
628	582.3	1612.6	287.5
629	591.5	1667.2	296.7
630	600.9	1723.7	306.0
631	610.3	1782.0	315.4
632	619.8	1842.5	325.0
633	629.4	1905.0	334.6
634	639.2	1969.9	344.4
635	649.0	2037.1	354.3
636	659.0	2106.9	364.3
637	669.0	2179.3	374.5
638	679.2	2254.6	384.8
639	689.5	2332.9	395.2
640	699.9	2414.3	405.8
641	710.5	2499.1	416.4
642	721.1	2587.5	427.3
643	731.9	2679.7	438.2
644	742.8	2775.9	449.3
645	753.8	2876.5	460.6
646	765.0	2981.7	472.0
647	776.3	3091.9	483.6
648	787.7	3207.4	495.3
649	799.2	3328.6	507.1
650	810.9	3455.9	519.2
651	822.7	3589.8	531.4
652	834.7	3730.9	543.7
653	846.8	3879.7	556.3
654	859.1	4036.9	569.0
655	871.5	4203.2	581.8
656	884.0	4379.4	594.9
657	896.7	4566.4	608.1
658	909.6	4765.2	621.5
659	922.6	4977.0	635.2
660	935.8	5203.1	649.0
661	949.1	5445.1	663.0
662	962.7	5704.5	677.2
663	976.3	5983.5	691.6
664	990.2	6284.2	706.2
665	1004.2	6609.3	721.0
666	1018.5	6962.0	736.1
667	1032.8	7345.7	751.4
668	1047.4	7765.0	766.9
669	1062.2	8224.8	782.6
670	1077.2	8731.4	798.6
671	1092.3	9292.3	814.8
672	1107.7	9916.6	831.3
673	1123.2	10616.0	848.0
674	1139.0	11404.6	865.0
675	1155.0	12300.7	882.2
676	1171.2	13327.9	899.7
677	1187.6	14517.0	917.5
678	1204.2	15910.0	935.6
679	1221.1	17563.9	953.9
680	1238.2	19559.8	972.6
681	1255.6	22015.2	991.6
682	1273.1	25110.3	1010.8
683	1291.0	29133.1	1030.4
684	1309.0	34571.2	1050.3
685	1327.4	42332.6	1070.6
686	1346.0	54312.9	1091.1
687	1364.8	75232.7	1112.1
688	1384.0	121050.5	1133.4
689	1403.4	301529.4	1155.0
690	1423.1	-647677.4	1177.0
691	1443.1	-158180.7	1199.5
692	1463.4	-90745.7	1222.3
693	1483.9	-63940.9	1245.5
694	1504.8	-49546.9	1269.1
695	1526.1	-40565.5	1293.1
696	1547.6	-34427.1	1317.6
697	1569.5	-29965.7	1342.6
698	1591.7	-26576.9	1368.0
699	1614.2	-23915.0	1393.8
700	1637.1	-21769.9	1420.2
701	1660.4	-20003.5	1447.0
702	1684.0	-18523.7	1474.4
703	1708.0	-17266.6	1502.3
704	1732.4	-16185.0	1530.7
705	1757.2	-15244.6	1559.7
706	1782.4	-14419.5	1589.3
707	1808.0	-13689.8	1619.4
708	1834.1	-13039.8	1650.2
709	1860.5	-12457.1	1681.6
710	1887.4	-11931.8	1713.6
711	1914.8	-11455.8	1746.3
712	1942.7	-11022.5	1779.7
713	1971.0	-10626.4	1813.8
714	1999.8	-10262.9	1848.6
715	2029.1	-9928.2	1884.2
716	2059.0	-9619.0	1920.5
717	2089.3	-9332.4	1957.6
718	2120.2	-9066.0	1995.6
719	2151.7	-8817.9	2034.4
720	2183.7	-8586.2	2074.1
721	2216.4	-8369.3	2114.7
722	2249.6	-8165.8	2156.3
723	2283.5	-7974.6	2198.8
724	2318.0	-7794.6	2242.3
725	2353.1	-7624.7	2286.9
726	2389.0	-7464.3	2332.5
727	2425.5	-7312.5	2379.3
728	2462.7	-7168.6	2427.3
729	2500.7	-7032.0	2476.4
730	2539.5	-6902.3	2526.8
731	2579.0	-6778.8	2578.5
732	2619.3	-6661.2	2631.5
733	2660.4	-6549.0	2685.9
734	2702.4	-6442.0	2741.8
735	2745.3	-6339.6	2799.2
736	2789.1	-6241.8	2858.2
737	2833.8	-6148.0	2918.8
738	2879.5	-6058.2	2981.2
739	2926.2	-5972.0	3045.3
740	2973.9	-5889.2	3111.2
741	3022.7	-5809.7	3179.1
742	3072.5	-5733.3	3249.1
743	3123.5	-5659.7	3321.1
744	3175.7	-5588.9	3395.4
745	3229.1	-5520.6	3471.9
746	3283.7	-5454.8	3550.9
747	3339.7	-5391.3	3632.5
748	3396.9	-5329.9	3716.7
749	3455.6	-5270.7	3803.6
750	3515.7	-5213.4	3893.6
751	3577.4	-5158.0	3986.6
752	3640.5	-5104.4	4082.8
753	3705.3	-5052.5	4182.5
754	3771.8	-5002.3	4285.7
755	3840.0	-4953.5	4392.8
756	3910.0	-4906.3	4503.8
757	3981.8	-4860.5	4619.1
758	4055.7	-4816.0	4738.9
759	4131.6	-4772.8	4863.4
760	4209.6	-4730.9	4992.9
761	4289.8	-4690.1	5127.8
762	4372.3	-4650.5	5268.4
763	4457.2	-4612.0	5415.0
764	4544.6	-4574.5	5568.0
765	4634.7	-4538.1	5727.9
766	4727.4	-4502.5	5895.1
767	4823.1	-4468.0	6070.2
768	4921.8	-4434.3	6253.7
769	5023.5	-4401.4	6446.3
770	5128.7	-4369.4	6648.5
771	5237.2	-4338.2	6861.2
772	5349.4	-4307.8	7085.3
773	5465.4	-4278.1	7321.5
774	5585.4	-4249.1	7571.0
775	5709.6	-4220.8	7834.9
776	5838.2	-4193.2	8114.4
777	5971.6	-4166.2	8411.1
778	6109.9	-4139.8	8726.4
779	6253.4	-4114.0	9062.3
780	6402.4	-4088.8	9420.9
781	6557.3	-4064.2	9804.4
782	6718.4	-4040.1	10215.5
783	6886.1	-4016.5	10657.5
784	7060.7	-3993.4	11133.8
785	7242.8	-3970.8	11648.6
786	7432.8	-3948.7	12206.9
787	7631.2	-3927.1	12814.2
788	7838.6	-3905.9	13477.4
789	8055.7	-3885.1	14204.6
790	8283.1	-3864.8	15005.4
791	8521.6	-3844.9	15891.6
792	8771.9	-3825.3	16877.8
793	9035.1	-3806.2	17981.6
794	9312.1	-3787.4	19225.7
795	9604.1	-3769.0	20638.4
796	9912.1	-3750.9	22256.6
797	10237.8	-3733.2	24128.4
798	10582.5	-3715.8	26318.8
799	10948.1	-3698.8	28916.5
800	11336.4	-3682.0	32046.6
801	11749.7	-3665.6	35891.5
802	12190.3	-3649.4	40727.6
803	12661.3	-3633.6	46995.0
804	13165.7	-3618.0	55439.1
805	13707.2	-3602.7	67432.2
806	14290.2	-3587.7	85807.0
807	14919.5	-3572.9	117501.8
808	15600.9	-3558.4	185235.1
809	16341.2	-3544.2	431458.4
810	17148.3	-3530.1-1365372.0	
811	18031.6	-3516.4	-266506.8
812	19002.6	-3502.8	-148318.5
813	20075.0	-3489.5	-103063.1
814	21265.2	-3476.4	-79149.6
815	22594.2	-3463.5	-64361.8
816	24087.5	-3450.8	-54313.2
817	25777.6	-3438.3	-47040.1
818	27706.2	-3426.0	-41532.1
819	29927.6	-3414.0	-37216.5
820	32514.0	-3402.1	-33743.7
821	35563.2	-3390.3	-30888.9
822	39211.6	-3378.8	-28500.6
823	43655.0	-3367.5	-26473.2
824	49185.3	-3356.3	-24730.5
825	56256.5	-3345.3	-23216.6
826	65616.8	-3334.4	-21889.1
827	78592.8	-3323.8	-20715.8
828	97778.2	-3313.2	-19671.1
829	129037.4	-3302.9	-18735.1
830	188994.0	-3292.6	-17891.6
831	350702.2	-3282.6	-17127.6
832	2324337.4	-3272.7	-16432.3
833	-506963.9	-3262.9	-15796.9
834	-229514.9	-3253.2	-15214.0
835	-148732.6	-3243.7	-14677.2
836	-110227.8	-3234.4	-14181.5
837	-87696.3	-3225.1	-13722.2
838	-72904.5	-3216.0	-13295.4
839	-62450.3	-3207.0	-12897.9
840	-54669.4	-3198.2	-12526.6
841	-48652.5	-3189.4	-12179.2
842	-43861.0	-3180.8	-11853.4
843	-39955.2	-3172.3	-11547.2
844	-36710.2	-3163.9	-11258.9
845	-33971.6	-3155.6	-10987.0
846	-31629.3	-3147.5	-10730.1
847	-29603.1	-3139.4	-10487.1
848	-27833.2	-3131.5	-10256.8
849	-26273.7	-3123.6	-10038.2
850	-24889.3	-3115.9	-9830.5
851	-23652.0	-3108.2	-9633.0
852	-22539.6	-3100.6	-9444.8
853	-21534.2	-3093.2	-9265.3
854	-20620.9	-3085.8	-9094.0
855	-19787.8	-3078.5	-8930.2
856	-19024.6	-3071.4	-8773.6
857	-18322.9	-3064.3	-8623.6
858	-17675.7	-3057.3	-8479.9
859	-17076.7	-3050.3	-8342.0
860	-16520.8	-3043.5	-8209.6
861	-16003.5	-3036.8	-8082.4
862	-15521.0	-3030.1	-7960.1
863	-15069.8	-3023.5	-7842.4
864	-14647.0	-3017.0	-7729.1
865	-14249.9	-3010.5	-7619.8
866	-13876.5	-3004.2	-7514.5
867	-13524.4	-2997.9	-7412.9
868	-13192.1	-2991.7	-7314.8
869	-12877.8	-2985.5	-7220.0
870	-12580.2	-2979.5	-7128.4
871	-12297.9	-2973.5	-7039.7
872	-12029.8	-2967.6	-6954.0
873	-11774.9	-2961.7	-6870.9
874	-11532.2	-2955.9	-6790.5
875	-11300.9	-2950.2	-6712.6
876	-11080.2	-2944.5	-6637.0
877	-10869.3	-2938.9	-6563.6
878	-10667.6	-2933.3	-6492.5
879	-10474.6	-2927.9	-6423.4
880	-10289.6	-2922.4	-6356.3
881	-10112.3	-2917.1	-6291.0
882	-9942.1	-2911.8	-6227.6
883	-9778.6	-2906.5	-6166.0
884	-9621.5	-2901.3	-6106.0
885	-9470.3	-2896.2	-6047.6
886	-9324.7	-2891.1	-5990.8
887	-9184.5	-2886.1	-5935.4
888	-9049.3	-2881.1	-5881.5
889	-8918.9	-2876.2	-5828.9
890	-8793.0	-2871.4	-5777.7
891	-8671.4	-2866.5	-5727.7
892	-8553.9	-2861.8	-5679.0
893	-8440.2	-2857.1	-5631.4
894	-8330.3	-2852.4	-5585.0
895	-8223.9	-2847.8	-5539.7
896	-8120.8	-2843.2	-5495.4
897	-8020.9	-2838.7	-5452.2
898	-7924.1	-2834.2	-5409.9
899	-7830.2	-2829.7	-5368.6
900	-7739.0	-2825.3	-5328.3
901	-7650.5	-2821.0	-5288.8
902	-7564.6	-2816.7	-5250.2
903	-7481.1	-2812.4	-5212.4
904	-7400.0	-2808.2	-5175.5
905	-7321.0	-2804.0	-5139.3
906	-7244.3	-2799.9	-5103.9
907	-7169.6	-2795.8	-5069.2
908	-7096.9	-2791.7	-5035.2
909	-7026.0	-2787.7	-5002.0
910	-6957.1	-2783.7	-4969.4
911	-6889.8	-2779.8	-4937.4
912	-6824.3	-2775.9	-4906.1
913	-6760.4	-2772.0	-4875.4
914	-6698.1	-2768.2	-4845.3
915	-6637.3	-2764.4	-4815.8
916	-6577.9	-2760.6	-4786.8
917	-6520.0	-2756.9	-4758.4
918	-6463.4	-2753.2	-4730.5
919	-6408.2	-2749.5	-4703.1
920	-6354.2	-2745.9	-4676.3
921	-6301.4	-2742.3	-4649.9
922	-6249.8	-2738.8	-4624.0
923	-6199.4	-2735.2	-4598.6
924	-6150.0	-2731.7	-4573.6
925	-6101.8	-2728.3	-4549.1
926	-6054.6	-2724.9	-4524.9
927	-6008.3	-2721.5	-4501.3
928	-5963.1	-2718.1	-4478.0
929	-5918.8	-2714.7	-4455.1
930	-5875.4	-2711.4	-4432.6
931	-5832.9	-2708.1	-4410.5
932	-5791.3	-2704.9	-4388.7
933	-5750.4	-2701.7	-4367.3
934	-5710.5	-2698.5	-4346.3
935	-5671.2	-2695.3	-4325.6
936	-5632.8	-2692.2	-4305.2
937	-5595.1	-2689.1	-4285.1
938	-5558.1	-2686.0	-4265.4
939	-5521.8	-2682.9	-4246.0
940	-5486.2	-2679.9	-4226.9
941	-5451.3	-2676.9	-4208.1
942	-5417.0	-2673.9	-4189.5
943	-5383.3	-2670.9	-4171.3
944	-5350.2	-2668.0	-4153.3
945	-5317.7	-2665.1	-4135.7
946	-5285.8	-2662.2	-4118.2
947	-5254.5	-2659.3	-4101.1
948	-5223.7	-2656.5	-4084.1
949	-5193.5	-2653.7	-4067.5
950	-5163.7	-2650.9	-4051.1
951	-5134.5	-2648.1	-4034.9
952	-5105.8	-2645.4	-4018.9
953	-5077.5	-2642.7	-4003.2
954	-5049.8	-2640.0	-3987.7
955	-5022.4	-2637.3	-3972.4
956	-4995.6	-2634.6	-3957.3
957	-4969.1	-2632.0	-3942.5
958	-4943.1	-2629.4	-3927.8
959	-4917.5	-2626.8	-3913.4
960	-4892.3	-2624.2	-3899.1
961	-4867.6	-2621.7	-3885.0
962	-4843.2	-2619.1	-3871.2
963	-4819.1	-2616.6	-3857.5
964	-4795.5	-2614.1	-3844.0
965	-4772.2	-2611.6	-3830.6
966	-4749.3	-2609.2	-3817.5
967	-4726.7	-2606.8	-3804.5
968	-4704.4	-2604.3	-3791.7
969	-4682.5	-2601.9	-3779.0
970	-4660.9	-2599.6	-3766.5
971	-4639.6	-2597.2	-3754.2
972	-4618.6	-2594.9	-3742.0
973	-4598.0	-2592.5	-3730.0
974	-4577.6	-2590.2	-3718.2
975	-4557.5	-2587.9	-3706.4
976	-4537.7	-2585.7	-3694.9
977	-4518.2	-2583.4	-3683.4
978	-4498.9	-2581.2	-3672.1
979	-4480.0	-2578.9	-3661.0
980	-4461.3	-2576.7	-3650.0
981	-4442.8	-2574.6	-3639.1
982	-4424.6	-2572.4	-3628.3
983	-4406.6	-2570.2	-3617.7
984	-4388.9	-2568.1	-3607.2
985	-4371.4	-2566.0	-3596.8
986	-4354.2	-2563.8	-3586.5
987	-4337.1	-2561.8	-3576.4
988	-4320.3	-2559.7	-3566.4
989	-4303.7	-2557.6	-3556.5
990	-4287.4	-2555.6	-3546.7
991	-4271.2	-2553.5	-3537.0
992	-4255.3	-2551.5	-3527.4
993	-4239.5	-2549.5	-3517.9
994	-4224.0	-2547.5	-3508.6
995	-4208.6	-2545.5	-3499.3
996	-4193.4	-2543.6	-3490.2
997	-4178.5	-2541.6	-3481.1
998	-4163.7	-2539.7	-3472.2
999	-4149.1	-2537.8	-3463.3
1000	-4134.6	-2535.9	-3454.6
1001	-4120.4	-2534.0	-3445.9
1002	-4106.3	-2532.1	-3437.3
1003	-4092.4	-2530.2	-3428.9
1004	-4078.6	-2528.4	-3420.5
1005	-4065.0	-2526.5	-3412.2
1006	-4051.6	-2524.7	-3404.0
1007	-4038.3	-2522.9	-3395.8
1008	-4025.2	-2521.1	-3387.8
1009	-4012.3	-2519.3	-3379.9
1010	-3999.5	-2517.5	-3372.0
1011	-3986.8	-2515.7	-3364.2
1012	-3974.3	-2514.0	-3356.5
1013	-3961.9	-2512.2	-3348.8
1014	-3949.7	-2510.5	-3341.3
1015	-3937.6	-2508.8	-3333.8
1016	-3925.6	-2507.1	-3326.4
1017	-3913.8	-2505.4	-3319.1
1018	-3902.1	-2503.7	-3311.8
1019	-3890.5	-2502.0	-3304.6
1020	-3879.0	-2500.4	-3297.5
1021	-3867.7	-2498.7	-3290.5
1022	-3856.5	-2497.1	-3283.5
1023	-3845.4	-2495.4	-3276.6
1024	-3834.5	-2493.8	-3269.8
1025	-3823.6	-2492.2	-3263.0
1026	-3812.9	-2490.6	-3256.3
1027	-3802.3	-2489.0	-3249.7
1028	-3791.8	-2487.4	-3243.1
1029	-3781.4	-2485.9	-3236.6
1030	-3771.1	-2484.3	-3230.1
1031	-3760.9	-2482.8	-3223.7
1032	-3750.9	-2481.2	-3217.4
1033	-3740.9	-2479.7	-3211.1
1034	-3731.0	-2478.2	-3204.9
1035	-3721.3	-2476.7	-3198.8
1036	-3711.6	-2475.2	-3192.7
1037	-3702.0	-2473.7	-3186.6
1038	-3692.6	-2472.2	-3180.6
1039	-3683.2	-2470.7	-3174.7
1040	-3673.9	-2469.3	-3168.8
1041	-3664.7	-2467.8	-3163.0
1042	-3655.6	-2466.4	-3157.2
1043	-3646.6	-2464.9	-3151.5
1044	-3637.7	-2463.5	-3145.8
1045	-3628.8	-2462.1	-3140.2
1046	-3620.1	-2460.7	-3134.6
1047	-3611.4	-2459.3	-3129.1
1048	-3602.8	-2457.9	-3123.6
1049	-3594.3	-2456.5	-3118.2
1050	-3585.9	-2455.1	-3112.8
1051	-3577.5	-2453.8	-3107.5
1052	-3569.3	-2452.4	-3102.2
1053	-3561.1	-2451.1	-3097.0
1054	-3553.0	-2449.7	-3091.8
1055	-3544.9	-2448.4	-3086.6
1056	-3537.0	-2447.1	-3081.5
1057	-3529.1	-2445.8	-3076.5
1058	-3521.3	-2444.5	-3071.5
1059	-3513.5	-2443.2	-3066.5
1060	-3505.9	-2441.9	-3061.5
1061	-3498.3	-2440.6	-3056.7
1062	-3490.7	-2439.3	-3051.8
1063	-3483.3	-2438.0	-3047.0
1064	-3475.9	-2436.8	-3042.2
1065	-3468.5	-2435.5	-3037.5
1066	-3461.3	-2434.3	-3032.8
1067	-3454.1	-2433.0	-3028.1
1068	-3446.9	-2431.8	-3023.5
1069	-3439.8	-2430.6	-3018.9
1070	-3432.8	-2429.4	-3014.4
1071	-3425.9	-2428.2	-3009.9
1072	-3419.0	-2427.0	-3005.4
1073	-3412.2	-2425.8	-3001.0
1074	-3405.4	-2424.6	-2996.6
1075	-3398.7	-2423.4	-2992.2
1076	-3392.0	-2422.2	-2987.9
1077	-3385.4	-2421.0	-2983.6
1078	-3378.9	-2419.9	-2979.4
1079	-3372.4	-2418.7	-2975.1
1080	-3365.9	-2417.6	-2970.9
1081	-3359.5	-2416.4	-2966.8
1082	-3353.2	-2415.3	-2962.7
1083	-3346.9	-2414.2	-2958.6
1084	-3340.7	-2413.1	-2954.5
1085	-3334.5	-2411.9	-2950.5
1086	-3328.4	-2410.8	-2946.5
1087	-3322.4	-2409.7	-2942.5
1088	-3316.3	-2408.6	-2938.6
1089	-3310.4	-2407.5	-2934.6
1090	-3304.4	-2406.4	-2930.8
1091	-3298.6	-2405.4	-2926.9
1092	-3292.7	-2404.3	-2923.1
1093	-3286.9	-2403.2	-2919.3
1094	-3281.2	-2402.2	-2915.5
1095	-3275.5	-2401.1	-2911.8
1096	-3269.9	-2400.1	-2908.1
1097	-3264.3	-2399.0	-2904.4
1098	-3258.7	-2398.0	-2900.7
1099	-3253.2	-2396.9	-2897.1
1100	-3247.7	-2395.9	-2893.5
1101	-3242.3	-2394.9	-2889.9
1102	-3236.9	-2393.9	-2886.4
1103	-3231.6	-2392.9	-2882.9
1104	-3226.3	-2391.9	-2879.4
1105	-3221.0	-2390.9	-2875.9
1106	-3215.8	-2389.9	-2872.5
1107	-3210.6	-2388.9	-2869.0
1108	-3205.5	-2387.9	-2865.6
1109	-3200.4	-2386.9	-2862.3
1110	-3195.3	-2386.0	-2858.9
1111	-3190.3	-2385.0	-2855.6
1112	-3185.3	-2384.0	-2852.3
1113	-3180.4	-2383.1	-2849.0
1114	-3175.4	-2382.1	-2845.8
1115	-3170.6	-2381.2	-2842.5
1116	-3165.7	-2380.2	-2839.3
1117	-3160.9	-2379.3	-2836.1
1118	-3156.2	-2378.4	-2833.0
1119	-3151.4	-2377.4	-2829.8
1120	-3146.7	-2376.5	-2826.7
1121	-3142.1	-2375.6	-2823.6
1122	-3137.4	-2374.7	-2820.5
1123	-3132.8	-2373.8	-2817.5
1124	-3128.3	-2372.9	-2814.4
1125	-3123.7	-2372.0	-2811.4
1126	-3119.2	-2371.1	-2808.4
1127	-3114.8	-2370.2	-2805.4
1128	-3110.3	-2369.3	-2802.5
1129	-3105.9	-2368.4	-2799.5
1130	-3101.6	-2367.6	-2796.6
1131	-3097.2	-2366.7	-2793.7
1132	-3092.9	-2365.8	-2790.8
1133	-3088.6	-2365.0	-2788.0
1134	-3084.4	-2364.1	-2785.1
1135	-3080.2	-2363.3	-2782.3
1136	-3076.0	-2362.4	-2779.5
1137	-3071.8	-2361.6	-2776.7
1138	-3067.7	-2360.7	-2774.0
1139	-3063.6	-2359.9	-2771.2
1140	-3059.5	-2359.1	-2768.5
1141	-3055.5	-2358.2	-2765.8
1142	-3051.4	-2357.4	-2763.1
1143	-3047.5	-2356.6	-2760.4
1144	-3043.5	-2355.8	-2757.8
1145	-3039.6	-2355.0	-2755.1
1146	-3035.6	-2354.2	-2752.5
1147	-3031.8	-2353.4	-2749.9
1148	-3027.9	-2352.6	-2747.3
1149	-3024.1	-2351.8	-2744.7
1150	-3020.3	-2351.0	-2742.2
1151	-3016.5	-2350.2	-2739.6
1152	-3012.7	-2349.4	-2737.1
1153	-3009.0	-2348.6	-2734.6
1154	-3005.3	-2347.9	-2732.1
1155	-3001.6	-2347.1	-2729.6
1156	-2997.9	-2346.3	-2727.2
1157	-2994.3	-2345.6	-2724.7
1158	-2990.7	-2344.8	-2722.3
1159	-2987.1	-2344.0	-2719.9
1160	-2983.5	-2343.3	-2717.5
1161	-2980.0	-2342.5	-2715.1
1162	-2976.5	-2341.8	-2712.7
1163	-2973.0	-2341.1	-2710.3
1164	-2969.5	-2340.3	-2708.0
1165	-2966.1	-2339.6	-2705.7
1166	-2962.6	-2338.9	-2703.4
1167	-2959.2	-2338.1	-2701.1
1168	-2955.9	-2337.4	-2698.8
1169	-2952.5	-2336.7	-2696.5
1170	-2949.1	-2336.0	-2694.2
1171	-2945.8	-2335.3	-2692.0
1172	-2942.5	-2334.5	-2689.8
1173	-2939.2	-2333.8	-2687.5
1174	-2936.0	-2333.1	-2685.3
1175	-2932.8	-2332.4	-2683.1
1176	-2929.5	-2331.7	-2681.0
1177	-2926.3	-2331.0	-2678.8
1178	-2923.2	-2330.4	-2676.6
1179	-2920.0	-2329.7	-2674.5
1180	-2916.9	-2329.0	-2672.4
1181	-2913.7	-2328.3	-2670.3
1182	-2910.6	-2327.6	-2668.2
1183	-2907.6	-2327.0	-2666.1
1184	-2904.5	-2326.3	-2664.0
1185	-2901.5	-2325.6	-2661.9
1186	-2898.4	-2325.0	-2659.9
1187	-2895.4	-2324.3	-2657.8
1188	-2892.4	-2323.6	-2655.8
1189	-2889.5	-2323.0	-2653.8
1190	-2886.5	-2322.3	-2651.8
1191	-2883.6	-2321.7	-2649.8
1192	-2880.7	-2321.0	-2647.8
1193	-2877.8	-2320.4	-2645.8
1194	-2874.9	-2319.7	-2643.8
1195	-2872.0	-2319.1	-2641.9
1196	-2869.2	-2318.5	-2640.0
1197	-2866.3	-2317.8	-2638.0
1198	-2863.5	-2317.2	-2636.1
1199	-2860.7	-2316.6	-2634.2
1200	-2857.9	-2316.0	-2632.3
1201	-2855.2	-2315.3	-2630.4
1202	-2852.4	-2314.7	-2628.5
1203	-2849.7	-2314.1	-2626.7
1204	-2846.9	-2313.5	-2624.8
1205	-2844.2	-2312.9	-2623.0
1206	-2841.6	-2312.3	-2621.2
1207	-2838.9	-2311.7	-2619.3
1208	-2836.2	-2311.1	-2617.5
1209	-2833.6	-2310.5	-2615.7
1210	-2831.0	-2309.9	-2613.9
1211	-2828.4	-2309.3	-2612.1
1212	-2825.8	-2308.7	-2610.4
1213	-2823.2	-2308.1	-2608.6
1214	-2820.6	-2307.5	-2606.8
1215	-2818.1	-2307.0	-2605.1
1216	-2815.5	-2306.4	-2603.4
1217	-2813.0	-2305.8	-2601.6
1218	-2810.5	-2305.2	-2599.9
1219	-2808.0	-2304.7	-2598.2
1220	-2805.5	-2304.1	-2596.5
1221	-2803.0	-2303.5	-2594.8
1222	-2800.6	-2303.0	-2593.1
1223	-2798.1	-2302.4	-2591.5
1224	-2795.7	-2301.8	-2589.8
1225	-2793.3	-2301.3	-2588.2
1226	-2790.9	-2300.7	-2586.5
1227	-2788.5	-2300.2	-2584.9
1228	-2786.1	-2299.6	-2583.2
1229	-2783.8	-2299.1	-2581.6
1230	-2781.4	-2298.5	-2580.0
1231	-2779.1	-2298.0	-2578.4
1232	-2776.8	-2297.4	-2576.8
1233	-2774.5	-2296.9	-2575.2
1234	-2772.2	-2296.4	-2573.7
1235	-2769.9	-2295.8	-2572.1
1236	-2767.6	-2295.3	-2570.5
1237	-2765.3	-2294.8	-2569.0
1238	-2763.1	-2294.2	-2567.4
1239	-2760.9	-2293.7	-2565.9
1240	-2758.6	-2293.2	-2564.4
1241	-2756.4	-2292.7	-2562.9
1242	-2754.2	-2292.2	-2561.3
1243	-2752.0	-2291.7	-2559.8
1244	-2749.9	-2291.1	-2558.3
1245	-2747.7	-2290.6	-2556.9
1246	-2745.5	-2290.1	-2555.4
1247	-2743.4	-2289.6	-2553.9
1248	-2741.3	-2289.1	-2552.4
1249	-2739.1	-2288.6	-2551.0
1250	-2737.0	-2288.1	-2549.5
1251	-2734.9	-2287.6	-2548.1
1252	-2732.8	-2287.1	-2546.6
1253	-2730.8	-2286.6	-2545.2
1254	-2728.7	-2286.1	-2543.8
1255	-2726.6	-2285.6	-2542.4
1256	-2724.6	-2285.1	-2541.0
1257	-2722.6	-2284.7	-2539.6
1258	-2720.5	-2284.2	-2538.2
1259	-2718.5	-2283.7	-2536.8
1260	-2716.5	-2283.2	-2535.4
1261	-2714.5	-2282.7	-2534.0
1262	-2712.6	-2282.3	-2532.7
1263	-2710.6	-2281.8	-2531.3
1264	-2708.6	-2281.3	-2529.9
1265	-2706.7	-2280.8	-2528.6
1266	-2704.7	-2280.4	-2527.3
1267	-2702.8	-2279.9	-2525.9
1268	-2700.9	-2279.4	-2524.6
1269	-2699.0	-2279.0	-2523.3
1270	-2697.0	-2278.5	-2522.0
1271	-2695.2	-2278.1	-2520.7
1272	-2693.3	-2277.6	-2519.3
1273	-2691.4	-2277.2	-2518.1
1274	-2689.5	-2276.7	-2516.8
1275	-2687.7	-2276.2	-2515.5
1276	-2685.8	-2275.8	-2514.2
1277	-2684.0	-2275.4	-2512.9
1278	-2682.2	-2274.9	-2511.7
1279	-2680.3	-2274.5	-2510.4
1280	-2678.5	-2274.0	-2509.2
1281	-2676.7	-2273.6	-2507.9
1282	-2674.9	-2273.1	-2506.7
1283	-2673.1	-2272.7	-2505.4
1284	-2671.4	-2272.3	-2504.2
1285	-2669.6	-2271.8	-2503.0
1286	-2667.8	-2271.4	-2501.8
1287	-2666.1	-2271.0	-2500.6
1288	-2664.3	-2270.5	-2499.4
1289	-2662.6	-2270.1	-2498.2
1290	-2660.9	-2269.7	-2497.0
1291	-2659.2	-2269.3	-2495.8
1292	-2657.5	-2268.8	-2494.6
1293	-2655.8	-2268.4	-2493.4
1294	-2654.1	-2268.0	-2492.2
1295	-2652.4	-2267.6	-2491.1
1296	-2650.7	-2267.2	-2489.9
1297	-2649.0	-2266.8	-2488.8
1298	-2647.4	-2266.4	-2487.6
1299	-2645.7	-2265.9	-2486.5
1300	-2644.1	-2265.5	-2485.3
1301	-2642.4	-2265.1	-2484.2
1302	-2640.8	-2264.7	-2483.1
1303	-2639.2	-2264.3	-2481.9
1304	-2637.6	-2263.9	-2480.8
1305	-2636.0	-2263.5	-2479.7
1306	-2634.4	-2263.1	-2478.6
1307	-2632.8	-2262.7	-2477.5
1308	-2631.2	-2262.3	-2476.4
1309	-2629.6	-2261.9	-2475.3
1310	-2628.0	-2261.5	-2474.2
1311	-2626.5	-2261.1	-2473.1
1312	-2624.9	-2260.8	-2472.0
1313	-2623.4	-2260.4	-2471.0
1314	-2621.8	-2260.0	-2469.9
1315	-2620.3	-2259.6	-2468.8
1316	-2618.8	-2259.2	-2467.8
1317	-2617.3	-2258.8	-2466.7
1318	-2615.7	-2258.4	-2465.7
1319	-2614.2	-2258.1	-2464.6
1320	-2612.7	-2257.7	-2463.6
1321	-2611.2	-2257.3	-2462.5
1322	-2609.8	-2256.9	-2461.5
1323	-2608.3	-2256.6	-2460.5
1324	-2606.8	-2256.2	-2459.5
1325	-2605.3	-2255.8	-2458.4
1326	-2603.9	-2255.5	-2457.4
1327	-2602.4	-2255.1	-2456.4
1328	-2601.0	-2254.7	-2455.4
1329	-2599.5	-2254.4	-2454.4
1330	-2598.1	-2254.0	-2453.4
1331	-2596.7	-2253.6	-2452.4
1332	-2595.3	-2253.3	-2451.4
1333	-2593.9	-2252.9	-2450.4
1334	-2592.4	-2252.5	-2449.5
1335	-2591.0	-2252.2	-2448.5
1336	-2589.7	-2251.8	-2447.5
1337	-2588.3	-2251.5	-2446.6
1338	-2586.9	-2251.1	-2445.6
1339	-2585.5	-2250.8	-2444.6
1340	-2584.1	-2250.4	-2443.7
1341	-2582.8	-2250.1	-2442.7
1342	-2581.4	-2249.7	-2441.8
1343	-2580.1	-2249.4	-2440.8
1344	-2578.7	-2249.0	-2439.9
1345	-2577.4	-2248.7	-2439.0
1346	-2576.0	-2248.3	-2438.0
1347	-2574.7	-2248.0	-2437.1
1348	-2573.4	-2247.7	-2436.2
1349	-2572.1	-2247.3	-2435.3
1350	-2570.8	-2247.0	-2434.4
1351	-2569.5	-2246.7	-2433.5
1352	-2568.2	-2246.3	-2432.6
1353	-2566.9	-2246.0	-2431.6
1354	-2565.6	-2245.6	-2430.8
1355	-2564.3	-2245.3	-2429.9
1356	-2563.0	-2245.0	-2429.0
1357	-2561.7	-2244.7	-2428.1
1358	-2560.5	-2244.3	-2427.2
1359	-2559.2	-2244.0	-2426.3
1360	-2557.9	-2243.7	-2425.4
1361	-2556.7	-2243.3	-2424.6
1362	-2555.4	-2243.0	-2423.7
1363	-2554.2	-2242.7	-2422.8
1364	-2553.0	-2242.4	-2422.0
1365	-2551.7	-2242.1	-2421.1
1366	-2550.5	-2241.7	-2420.3
1367	-2549.3	-2241.4	-2419.4
1368	-2548.1	-2241.1	-2418.6
1369	-2546.9	-2240.8	-2417.7
1370	-2545.7	-2240.5	-2416.9
1371	-2544.5	-2240.2	-2416.0
1372	-2543.3	-2239.9	-2415.2
1373	-2542.1	-2239.5	-2414.4
1374	-2540.9	-2239.2	-2413.5
1375	-2539.7	-2238.9	-2412.7
1376	-2538.5	-2238.6	-2411.9
1377	-2537.4	-2238.3	-2411.1
1378	-2536.2	-2238.0	-2410.3
1379	-2535.1	-2237.7	-2409.5
1380	-2533.9	-2237.4	-2408.7
1381	-2532.7	-2237.1	-2407.9
1382	-2531.6	-2236.8	-2407.0
1383	-2530.5	-2236.5	-2406.3
1384	-2529.3	-2236.2	-2405.5
1385	-2528.2	-2235.9	-2404.7
1386	-2527.1	-2235.6	-2403.9
1387	-2525.9	-2235.3	-2403.1
1388	-2524.8	-2235.0	-2402.3
1389	-2523.7	-2234.7	-2401.5
1390	-2522.6	-2234.4	-2400.8
1391	-2521.5	-2234.1	-2400.0
1392	-2520.4	-2233.8	-2399.2
1393	-2519.3	-2233.5	-2398.5
1394	-2518.2	-2233.3	-2397.7
1395	-2517.1	-2233.0	-2396.9
1396	-2516.0	-2232.7	-2396.2
1397	-2515.0	-2232.4	-2395.4
1398	-2513.9	-2232.1	-2394.7
1399	-2512.8	-2231.8	-2393.9
1400	-2511.8	-2231.5	-2393.2
1401	-2510.7	-2231.3	-2392.4
1402	-2509.6	-2231.0	-2391.7
1403	-2508.6	-2230.7	-2391.0
1404	-2507.5	-2230.4	-2390.2
1405	-2506.5	-2230.1	-2389.5
1406	-2505.4	-2229.9	-2388.8
1407	-2504.4	-2229.6	-2388.0
1408	-2503.4	-2229.3	-2387.3
1409	-2502.4	-2229.0	-2386.6
1410	-2501.3	-2228.8	-2385.9
1411	-2500.3	-2228.5	-2385.2
1412	-2499.3	-2228.2	-2384.5
1413	-2498.3	-2228.0	-2383.8
1414	-2497.3	-2227.7	-2383.0
1415	-2496.3	-2227.4	-2382.3
1416	-2495.3	-2227.1	-2381.6
1417	-2494.3	-2226.9	-2380.9
1418	-2493.3	-2226.6	-2380.3
1419	-2492.3	-2226.4	-2379.6
1420	-2491.3	-2226.1	-2378.9
1421	-2490.3	-2225.8	-2378.2
1422	-2489.4	-2225.6	-2377.5
1423	-2488.4	-2225.3	-2376.8
1424	-2487.4	-2225.0	-2376.1
1425	-2486.4	-2224.8	-2375.5
1426	-2485.5	-2224.5	-2374.8
1427	-2484.5	-2224.3	-2374.1
1428	-2483.6	-2224.0	-2373.4
1429	-2482.6	-2223.7	-2372.8
1430	-2481.7	-2223.5	-2372.1
1431	-2480.7	-2223.2	-2371.5
1432	-2479.8	-2223.0	-2370.8
1433	-2478.8	-2222.7	-2370.1
1434	-2477.9	-2222.5	-2369.5
1435	-2477.0	-2222.2	-2368.8
1436	-2476.1	-2222.0	-2368.2
1437	-2475.1	-2221.7	-2367.5
1438	-2474.2	-2221.5	-2366.9
1439	-2473.3	-2221.2	-2366.3
1440	-2472.4	-2221.0	-2365.6
1441	-2471.5	-2220.7	-2365.0
1442	-2470.6	-2220.5	-2364.3
1443	-2469.7	-2220.2	-2363.7
1444	-2468.8	-2220.0	-2363.1
1445	-2467.9	-2219.8	-2362.5
1446	-2467.0	-2219.5	-2361.8
1447	-2466.1	-2219.3	-2361.2
1448	-2465.2	-2219.0	-2360.6
1449	-2464.3	-2218.8	-2360.0
1450	-2463.5	-2218.6	-2359.4
1451	-2462.6	-2218.3	-2358.7
1452	-2461.7	-2218.1	-2358.1
1453	-2460.8	-2217.8	-2357.5
1454	-2460.0	-2217.6	-2356.9
1455	-2459.1	-2217.4	-2356.3
1456	-2458.3	-2217.1	-2355.7
1457	-2457.4	-2216.9	-2355.1
1458	-2456.5	-2216.7	-2354.5
1459	-2455.7	-2216.4	-2353.9
1460	-2454.9	-2216.2	-2353.3
1461	-2454.0	-2216.0	-2352.7
1462	-2453.2	-2215.7	-2352.1
1463	-2452.3	-2215.5	-2351.5
1464	-2451.5	-2215.3	-2351.0
1465	-2450.7	-2215.1	-2350.4
1466	-2449.8	-2214.8	-2349.8
1467	-2449.0	-2214.6	-2349.2
1468	-2448.2	-2214.4	-2348.6
1469	-2447.4	-2214.2	-2348.1
1470	-2446.6	-2213.9	-2347.5
1471	-2445.7	-2213.7	-2346.9
1472	-2444.9	-2213.5	-2346.3
1473	-2444.1	-2213.3	-2345.8
1474	-2443.3	-2213.0	-2345.2
1475	-2442.5	-2212.8	-2344.7
1476	-2441.7	-2212.6	-2344.1
1477	-2440.9	-2212.4	-2343.5
1478	-2440.1	-2212.2	-2343.0
1479	-2439.3	-2211.9	-2342.4
1480	-2438.5	-2211.7	-2341.9
1481	-2437.8	-2211.5	-2341.3
1482	-2437.0	-2211.3	-2340.8
1483	-2436.2	-2211.1	-2340.2
1484	-2435.4	-2210.9	-2339.7
1485	-2434.7	-2210.6	-2339.1
1486	-2433.9	-2210.4	-2338.6
1487	-2433.1	-2210.2	-2338.1
1488	-2432.3	-2210.0	-2337.5
1489	-2431.6	-2209.8	-2337.0
1490	-2430.8	-2209.6	-2336.4
1491	-2430.1	-2209.4	-2335.9
1492	-2429.3	-2209.2	-2335.4
1493	-2428.6	-2209.0	-2334.9
1494	-2427.8	-2208.8	-2334.3
1495	-2427.1	-2208.5	-2333.8
1496	-2426.3	-2208.3	-2333.3
1497	-2425.6	-2208.1	-2332.8
1498	-2424.8	-2207.9	-2332.2
1499	-2424.1	-2207.7	-2331.7
1500	-2423.4	-2207.5	-2331.2
1501	-2422.6	-2207.3	-2330.7
1502	-2421.9	-2207.1	-2330.2
1503	-2421.2	-2206.9	-2329.7
1504	-2420.5	-2206.7	-2329.2
1505	-2419.7	-2206.5	-2328.7
1506	-2419.0	-2206.3	-2328.1
1507	-2418.3	-2206.1	-2327.6
1508	-2417.6	-2205.9	-2327.1
1509	-2416.9	-2205.7	-2326.6
1510	-2416.2	-2205.5	-2326.1
1511	-2415.5	-2205.3	-2325.6
1512	-2414.8	-2205.1	-2325.2
1513	-2414.1	-2204.9	-2324.7
1514	-2413.4	-2204.7	-2324.2
1515	-2412.7	-2204.5	-2323.7
1516	-2412.0	-2204.3	-2323.2
1517	-2411.3	-2204.1	-2322.7
1518	-2410.6	-2203.9	-2322.2
1519	-2409.9	-2203.8	-2321.7
1520	-2409.2	-2203.6	-2321.3
1521	-2408.5	-2203.4	-2320.8
1522	-2407.9	-2203.2	-2320.3
1523	-2407.2	-2203.0	-2319.8
1524	-2406.5	-2202.8	-2319.3
1525	-2405.8	-2202.6	-2318.9
1526	-2405.2	-2202.4	-2318.4
1527	-2404.5	-2202.2	-2317.9
1528	-2403.8	-2202.0	-2317.5
1529	-2403.2	-2201.9	-2317.0
1530	-2402.5	-2201.7	-2316.5
1531	-2401.8	-2201.5	-2316.1
1532	-2401.2	-2201.3	-2315.6
1533	-2400.5	-2201.1	-2315.1
1534	-2399.9	-2200.9	-2314.7
1535	-2399.2	-2200.7	-2314.2
1536	-2398.6	-2200.6	-2313.8
1537	-2397.9	-2200.4	-2313.3
1538	-2397.3	-2200.2	-2312.9
1539	-2396.6	-2200.0	-2312.4
1540	-2396.0	-2199.8	-2311.9
1541	-2395.3	-2199.7	-2311.5
1542	-2394.7	-2199.5	-2311.1
1543	-2394.1	-2199.3	-2310.6
1544	-2393.4	-2199.1	-2310.2
1545	-2392.8	-2198.9	-2309.7
1546	-2392.2	-2198.8	-2309.3
1547	-2391.6	-2198.6	-2308.8
1548	-2390.9	-2198.4	-2308.4
1549	-2390.3	-2198.2	-2308.0
1550	-2389.7	-2198.1	-2307.5
1551	-2389.1	-2197.9	-2307.1
1552	-2388.5	-2197.7	-2306.7
1553	-2387.8	-2197.5	-2306.2
1554	-2387.2	-2197.4	-2305.8
1555	-2386.6	-2197.2	-2305.4
1556	-2386.0	-2197.0	-2304.9
1557	-2385.4	-2196.8	-2304.5
1558	-2384.8	-2196.7	-2304.1
1559	-2384.2	-2196.5	-2303.7
1560	-2383.6	-2196.3	-2303.2
1561	-2383.0	-2196.2	-2302.8
1562	-2382.4	-2196.0	-2302.4
1563	-2381.8	-2195.8	-2302.0
1564	-2381.2	-2195.7	-2301.6
1565	-2380.6	-2195.5	-2301.1
1566	-2380.0	-2195.3	-2300.7
1567	-2379.5	-2195.1	-2300.3
1568	-2378.9	-2195.0	-2299.9
1569	-2378.3	-2194.8	-2299.5
1570	-2377.7	-2194.6	-2299.1
1571	-2377.1	-2194.5	-2298.7
1572	-2376.6	-2194.3	-2298.3
1573	-2376.0	-2194.2	-2297.9
1574	-2375.4	-2194.0	-2297.5
1575	-2374.8	-2193.8	-2297.1
1576	-2374.3	-2193.7	-2296.7
1577	-2373.7	-2193.5	-2296.3
1578	-2373.1	-2193.3	-2295.9
1579	-2372.6	-2193.2	-2295.5
1580	-2372.0	-2193.0	-2295.1
1581	-2371.4	-2192.9	-2294.7
1582	-2370.9	-2192.7	-2294.3
1583	-2370.3	-2192.5	-2293.9
1584	-2369.8	-2192.4	-2293.5
1585	-2369.2	-2192.2	-2293.1
1586	-2368.7	-2192.1	-2292.7
1587	-2368.1	-2191.9	-2292.3
1588	-2367.6	-2191.7	-2291.9
1589	-2367.0	-2191.6	-2291.6
1590	-2366.5	-2191.4	-2291.2
1591	-2365.9	-2191.3	-2290.8
1592	-2365.4	-2191.1	-2290.4
1593	-2364.8	-2191.0	-2290.0
1594	-2364.3	-2190.8	-2289.6
1595	-2363.8	-2190.7	-2289.3
1596	-2363.2	-2190.5	-2288.9
1597	-2362.7	-2190.3	-2288.5
1598	-2362.2	-2190.2	-2288.1
1599	-2361.6	-2190.0	-2287.8
1600	-2361.1	-2189.9	-2287.4
1601	-2360.6	-2189.7	-2287.0
1602	-2360.1	-2189.6	-2286.6
1603	-2359.5	-2189.4	-2286.3
1604	-2359.0	-2189.3	-2285.9
1605	-2358.5	-2189.1	-2285.5
1606	-2358.0	-2189.0	-2285.2
1607	-2357.5	-2188.8	-2284.8
1608	-2356.9	-2188.7	-2284.4
1609	-2356.4	-2188.5	-2284.1
1610	-2355.9	-2188.4	-2283.7
1611	-2355.4	-2188.2	-2283.4
1612	-2354.9	-2188.1	-2283.0
1613	-2354.4	-2188.0	-2282.6
1614	-2353.9	-2187.8	-2282.3
1615	-2353.4	-2187.7	-2281.9
1616	-2352.9	-2187.5	-2281.6
1617	-2352.4	-2187.4	-2281.2
1618	-2351.9	-2187.2	-2280.9
1619	-2351.4	-2187.1	-2280.5
1620	-2350.9	-2186.9	-2280.2
1621	-2350.4	-2186.8	-2279.8
1622	-2349.9	-2186.6	-2279.5
1623	-2349.4	-2186.5	-2279.1
1624	-2348.9	-2186.4	-2278.8
1625	-2348.4	-2186.2	-2278.4
1626	-2347.9	-2186.1	-2278.1
1627	-2347.4	-2185.9	-2277.7
1628	-2346.9	-2185.8	-2277.4
1629	-2346.5	-2185.7	-2277.1
1630	-2346.0	-2185.5	-2276.7
1631	-2345.5	-2185.4	-2276.4
1632	-2345.0	-2185.2	-2276.0
1633	-2344.5	-2185.1	-2275.7
1634	-2344.1	-2185.0	-2275.4
1635	-2343.6	-2184.8	-2275.0
1636	-2343.1	-2184.7	-2274.7
1637	-2342.6	-2184.5	-2274.4
1638	-2342.2	-2184.4	-2274.0
1639	-2341.7	-2184.3	-2273.7
1640	-2341.2	-2184.1	-2273.4
1641	-2340.8	-2184.0	-2273.0
1642	-2340.3	-2183.9	-2272.7
1643	-2339.8	-2183.7	-2272.4
1644	-2339.4	-2183.6	-2272.1
1645	-2338.9	-2183.5	-2271.7
1646	-2338.5	-2183.3	-2271.4
1647	-2338.0	-2183.2	-2271.1
1648	-2337.5	-2183.1	-2270.8
1649	-2337.1	-2182.9	-2270.4
1650	-2336.6	-2182.8	-2270.1
1651	-2336.2	-2182.7	-2269.8
1652	-2335.7	-2182.5	-2269.5
1653	-2335.3	-2182.4	-2269.2
1654	-2334.8	-2182.3	-2268.9
1655	-2334.4	-2182.1	-2268.5
1656	-2333.9	-2182.0	-2268.2
1657	-2333.5	-2181.9	-2267.9
1658	-2333.0	-2181.7	-2267.6
1659	-2332.6	-2181.6	-2267.3
1660	-2332.2	-2181.5	-2267.0
1661	-2331.7	-2181.4	-2266.7
1662	-2331.3	-2181.2	-2266.4
1663	-2330.8	-2181.1	-2266.0
1664	-2330.4	-2181.0	-2265.7
1665	-2330.0	-2180.8	-2265.4
1666	-2329.5	-2180.7	-2265.1
1667	-2329.1	-2180.6	-2264.8
1668	-2328.7	-2180.5	-2264.5
1669	-2328.2	-2180.3	-2264.2
1670	-2327.8	-2180.2	-2263.9
1671	-2327.4	-2180.1	-2263.6
1672	-2327.0	-2180.0	-2263.3
1673	-2326.5	-2179.8	-2263.0
1674	-2326.1	-2179.7	-2262.7
1675	-2325.7	-2179.6	-2262.4
1676	-2325.3	-2179.5	-2262.1
1677	-2324.8	-2179.3	-2261.8
1678	-2324.4	-2179.2	-2261.5
1679	-2324.0	-2179.1	-2261.2
1680	-2323.6	-2179.0	-2260.9
1681	-2323.2	-2178.9	-2260.6
1682	-2322.8	-2178.7	-2260.3
1683	-2322.3	-2178.6	-2260.1
1684	-2321.9	-2178.5	-2259.8
1685	-2321.5	-2178.4	-2259.5
1686	-2321.1	-2178.2	-2259.2
1687	-2320.7	-2178.1	-2258.9
1688	-2320.3	-2178.0	-2258.6
1689	-2319.9	-2177.9	-2258.3
1690	-2319.5	-2177.8	-2258.0
1691	-2319.1	-2177.6	-2257.7
1692	-2318.7	-2177.5	-2257.5
1693	-2318.3	-2177.4	-2257.2
1694	-2317.9	-2177.3	-2256.9
1695	-2317.5	-2177.2	-2256.6
1696	-2317.1	-2177.1	-2256.3
1697	-2316.7	-2176.9	-2256.1
1698	-2316.3	-2176.8	-2255.8
1699	-2315.9	-2176.7	-2255.5
1700	-2315.5	-2176.6	-2255.2
1701	-2315.1	-2176.5	-2254.9
1702	-2314.7	-2176.4	-2254.7
1703	-2314.3	-2176.2	-2254.4
1704	-2313.9	-2176.1	-2254.1
1705	-2313.5	-2176.0	-2253.8
1706	-2313.1	-2175.9	-2253.6
1707	-2312.8	-2175.8	-2253.3
1708	-2312.4	-2175.7	-2253.0
1709	-2312.0	-2175.6	-2252.7
1710	-2311.6	-2175.4	-2252.5
1711	-2311.2	-2175.3	-2252.2
1712	-2310.8	-2175.2	-2251.9
1713	-2310.5	-2175.1	-2251.7
1714	-2310.1	-2175.0	-2251.4
1715	-2309.7	-2174.9	-2251.1
1716	-2309.3	-2174.8	-2250.9
1717	-2309.0	-2174.7	-2250.6
1718	-2308.6	-2174.5	-2250.3
1719	-2308.2	-2174.4	-2250.1
1720	-2307.8	-2174.3	-2249.8
1721	-2307.5	-2174.2	-2249.6
1722	-2307.1	-2174.1	-2249.3
1723	-2306.7	-2174.0	-2249.0
1724	-2306.3	-2173.9	-2248.8
1725	-2306.0	-2173.8	-2248.5
1726	-2305.6	-2173.7	-2248.3
1727	-2305.2	-2173.6	-2248.0
1728	-2304.9	-2173.4	-2247.7
1729	-2304.5	-2173.3	-2247.5
1730	-2304.2	-2173.2	-2247.2
1731	-2303.8	-2173.1	-2247.0
1732	-2303.4	-2173.0	-2246.7
1733	-2303.1	-2172.9	-2246.5
1734	-2302.7	-2172.8	-2246.2
1735	-2302.4	-2172.7	-2246.0
1736	-2302.0	-2172.6	-2245.7
1737	-2301.6	-2172.5	-2245.4
1738	-2301.3	-2172.4	-2245.2
1739	-2300.9	-2172.3	-2244.9
1740	-2300.6	-2172.2	-2244.7
1741	-2300.2	-2172.1	-2244.5
1742	-2299.9	-2172.0	-2244.2
1743	-2299.5	-2171.9	-2244.0
1744	-2299.2	-2171.7	-2243.7
1745	-2298.8	-2171.6	-2243.5
1746	-2298.5	-2171.5	-2243.2
1747	-2298.1	-2171.4	-2243.0
1748	-2297.8	-2171.3	-2242.7
1749	-2297.4	-2171.2	-2242.5
1750	-2297.1	-2171.1	-2242.2
1751	-2296.8	-2171.0	-2242.0
1752	-2296.4	-2170.9	-2241.8
1753	-2296.1	-2170.8	-2241.5
1754	-2295.7	-2170.7	-2241.3
1755	-2295.4	-2170.6	-2241.0
1756	-2295.1	-2170.5	-2240.8
1757	-2294.7	-2170.4	-2240.6
1758	-2294.4	-2170.3	-2240.3
1759	-2294.0	-2170.2	-2240.1
1760	-2293.7	-2170.1	-2239.9
1761	-2293.4	-2170.0	-2239.6
1762	-2293.0	-2169.9	-2239.4
1763	-2292.7	-2169.8	-2239.1
1764	-2292.4	-2169.7	-2238.9
1765	-2292.1	-2169.6	-2238.7
1766	-2291.7	-2169.5	-2238.4
1767	-2291.4	-2169.4	-2238.2
1768	-2291.1	-2169.3	-2238.0
1769	-2290.7	-2169.2	-2237.8
1770	-2290.4	-2169.1	-2237.5
1771	-2290.1	-2169.0	-2237.3
1772	-2289.8	-2168.9	-2237.1
1773	-2289.4	-2168.8	-2236.8
1774	-2289.1	-2168.7	-2236.6
1775	-2288.8	-2168.6	-2236.4
1776	-2288.5	-2168.5	-2236.2
1777	-2288.2	-2168.4	-2235.9
1778	-2287.8	-2168.4	-2235.7
1779	-2287.5	-2168.3	-2235.5
1780	-2287.2	-2168.2	-2235.3
1781	-2286.9	-2168.1	-2235.0
1782	-2286.6	-2168.0	-2234.8
1783	-2286.2	-2167.9	-2234.6
1784	-2285.9	-2167.8	-2234.4
1785	-2285.6	-2167.7	-2234.1
1786	-2285.3	-2167.6	-2233.9
1787	-2285.0	-2167.5	-2233.7
1788	-2284.7	-2167.4	-2233.5
1789	-2284.4	-2167.3	-2233.3
1790	-2284.1	-2167.2	-2233.0
1791	-2283.8	-2167.1	-2232.8
1792	-2283.4	-2167.0	-2232.6
1793	-2283.1	-2166.9	-2232.4
1794	-2282.8	-2166.8	-2232.2
1795	-2282.5	-2166.8	-2232.0
1796	-2282.2	-2166.7	-2231.7
1797	-2281.9	-2166.6	-2231.5
1798	-2281.6	-2166.5	-2231.3
1799	-2281.3	-2166.4	-2231.1
1800	-2281.0	-2166.3	-2230.9
1801	-2280.7	-2166.2	-2230.7
1802	-2280.4	-2166.1	-2230.5
1803	-2280.1	-2166.0	-2230.3
1804	-2279.8	-2165.9	-2230.0
1805	-2279.5	-2165.8	-2229.8
1806	-2279.2	-2165.8	-2229.6
1807	-2278.9	-2165.7	-2229.4
1808	-2278.6	-2165.6	-2229.2
1809	-2278.3	-2165.5	-2229.0
1810	-2278.0	-2165.4	-2228.8
1811	-2277.7	-2165.3	-2228.6
1812	-2277.4	-2165.2	-2228.4
1813	-2277.2	-2165.1	-2228.2
1814	-2276.9	-2165.0	-2228.0
1815	-2276.6	-2165.0	-2227.8
1816	-2276.3	-2164.9	-2227.6
1817	-2276.0	-2164.8	-2227.3
1818	-2275.7	-2164.7	-2227.1
1819	-2275.4	-2164.6	-2226.9
1820	-2275.1	-2164.5	-2226.7
1821	-2274.8	-2164.4	-2226.5
1822	-2274.6	-2164.4	-2226.3
1823	-2274.3	-2164.3	-2226.1
1824	-2274.0	-2164.2	-2225.9
1825	-2273.7	-2164.1	-2225.7
1826	-2273.4	-2164.0	-2225.5
1827	-2273.1	-2163.9	-2225.3
1828	-2272.9	-2163.8	-2225.1
1829	-2272.6	-2163.8	-2224.9
1830	-2272.3	-2163.7	-2224.7
1831	-2272.0	-2163.6	-2224.5
1832	-2271.7	-2163.5	-2224.3
1833	-2271.5	-2163.4	-2224.2
1834	-2271.2	-2163.3	-2224.0
1835	-2270.9	-2163.2	-2223.8
1836	-2270.6	-2163.2	-2223.6
1837	-2270.4	-2163.1	-2223.4
1838	-2270.1	-2163.0	-2223.2
1839	-2269.8	-2162.9	-2223.0
1840	-2269.5	-2162.8	-2222.8
1841	-2269.3	-2162.7	-2222.6
1842	-2269.0	-2162.7	-2222.4
1843	-2268.7	-2162.6	-2222.2
1844	-2268.5	-2162.5	-2222.0
1845	-2268.2	-2162.4	-2221.8
1846	-2267.9	-2162.3	-2221.6
1847	-2267.6	-2162.3	-2221.5
1848	-2267.4	-2162.2	-2221.3
1849	-2267.1	-2162.1	-2221.1
1850	-2266.8	-2162.0	-2220.9
1851	-2266.6	-2161.9	-2220.7
1852	-2266.3	-2161.9	-2220.5
1853	-2266.0	-2161.8	-2220.3
1854	-2265.8	-2161.7	-2220.1
1855	-2265.5	-2161.6	-2220.0
1856	-2265.3	-2161.5	-2219.8
1857	-2265.0	-2161.4	-2219.6
1858	-2264.7	-2161.4	-2219.4
1859	-2264.5	-2161.3	-2219.2
1860	-2264.2	-2161.2	-2219.0
1861	-2264.0	-2161.1	-2218.9
1862	-2263.7	-2161.1	-2218.7
1863	-2263.4	-2161.0	-2218.5
1864	-2263.2	-2160.9	-2218.3
1865	-2262.9	-2160.8	-2218.1
1866	-2262.7	-2160.7	-2217.9
1867	-2262.4	-2160.7	-2217.8
1868	-2262.2	-2160.6	-2217.6
1869	-2261.9	-2160.5	-2217.4
1870	-2261.6	-2160.4	-2217.2
1871	-2261.4	-2160.4	-2217.0
1872	-2261.1	-2160.3	-2216.9
1873	-2260.9	-2160.2	-2216.7
1874	-2260.6	-2160.1	-2216.5
1875	-2260.4	-2160.0	-2216.3
1876	-2260.1	-2160.0	-2216.2
1877	-2259.9	-2159.9	-2216.0
1878	-2259.6	-2159.8	-2215.8
1879	-2259.4	-2159.7	-2215.6
1880	-2259.1	-2159.7	-2215.5
1881	-2258.9	-2159.6	-2215.3
1882	-2258.6	-2159.5	-2215.1
1883	-2258.4	-2159.4	-2214.9
1884	-2258.2	-2159.4	-2214.8
1885	-2257.9	-2159.3	-2214.6
1886	-2257.7	-2159.2	-2214.4
1887	-2257.4	-2159.1	-2214.2
1888	-2257.2	-2159.1	-2214.1
1889	-2256.9	-2159.0	-2213.9
1890	-2256.7	-2158.9	-2213.7
1891	-2256.5	-2158.8	-2213.6
1892	-2256.2	-2158.8	-2213.4
1893	-2256.0	-2158.7	-2213.2
1894	-2255.7	-2158.6	-2213.0
1895	-2255.5	-2158.5	-2212.9
1896	-2255.3	-2158.5	-2212.7
1897	-2255.0	-2158.4	-2212.5
1898	-2254.8	-2158.3	-2212.4
1899	-2254.5	-2158.3	-2212.2
1900	-2254.3	-2158.2	-2212.0
1901	-2254.1	-2158.1	-2211.9
1902	-2253.8	-2158.0	-2211.7
1903	-2253.6	-2158.0	-2211.5
1904	-2253.4	-2157.9	-2211.4
1905	-2253.1	-2157.8	-2211.2
1906	-2252.9	-2157.8	-2211.1
1907	-2252.7	-2157.7	-2210.9
1908	-2252.4	-2157.6	-2210.7
1909	-2252.2	-2157.5	-2210.6
1910	-2252.0	-2157.5	-2210.4
1911	-2251.7	-2157.4	-2210.2
1912	-2251.5	-2157.3	-2210.1
1913	-2251.3	-2157.3	-2209.9
1914	-2251.1	-2157.2	-2209.7
1915	-2250.8	-2157.1	-2209.6
1916	-2250.6	-2157.0	-2209.4
1917	-2250.4	-2157.0	-2209.3
1918	-2250.1	-2156.9	-2209.1
1919	-2249.9	-2156.8	-2208.9
1920	-2249.7	-2156.8	-2208.8
1921	-2249.5	-2156.7	-2208.6
1922	-2249.2	-2156.6	-2208.5
1923	-2249.0	-2156.6	-2208.3
1924	-2248.8	-2156.5	-2208.2
1925	-2248.6	-2156.4	-2208.0
1926	-2248.3	-2156.4	-2207.8
1927	-2248.1	-2156.3	-2207.7
1928	-2247.9	-2156.2	-2207.5
1929	-2247.7	-2156.2	-2207.4
1930	-2247.5	-2156.1	-2207.2
1931	-2247.2	-2156.0	-2207.1
1932	-2247.0	-2155.9	-2206.9
1933	-2246.8	-2155.9	-2206.8
1934	-2246.6	-2155.8	-2206.6
1935	-2246.4	-2155.7	-2206.4
1936	-2246.2	-2155.7	-2206.3
1937	-2245.9	-2155.6	-2206.1
1938	-2245.7	-2155.5	-2206.0
1939	-2245.5	-2155.5	-2205.8
1940	-2245.3	-2155.4	-2205.7
1941	-2245.1	-2155.3	-2205.5
1942	-2244.9	-2155.3	-2205.4
1943	-2244.6	-2155.2	-2205.2
1944	-2244.4	-2155.1	-2205.1
1945	-2244.2	-2155.1	-2204.9
1946	-2244.0	-2155.0	-2204.8
1947	-2243.8	-2155.0	-2204.6
1948	-2243.6	-2154.9	-2204.5
1949	-2243.4	-2154.8	-2204.3
1950	-2243.2	-2154.8	-2204.2
1951	-2242.9	-2154.7	-2204.0
1952	-2242.7	-2154.6	-2203.9
1953	-2242.5	-2154.6	-2203.7
1954	-2242.3	-2154.5	-2203.6
1955	-2242.1	-2154.4	-2203.4
1956	-2241.9	-2154.4	-2203.3
1957	-2241.7	-2154.3	-2203.1
1958	-2241.5	-2154.2	-2203.0
1959	-2241.3	-2154.2	-2202.9
1960	-2241.1	-2154.1	-2202.7
1961	-2240.9	-2154.1	-2202.6
1962	-2240.7	-2154.0	-2202.4
1963	-2240.5	-2153.9	-2202.3
1964	-2240.3	-2153.9	-2202.1
1965	-2240.1	-2153.8	-2202.0
1966	-2239.8	-2153.7	-2201.8
1967	-2239.6	-2153.7	-2201.7
1968	-2239.4	-2153.6	-2201.6
1969	-2239.2	-2153.5	-2201.4
1970	-2239.0	-2153.5	-2201.3
1971	-2238.8	-2153.4	-2201.1
1972	-2238.6	-2153.4	-2201.0
1973	-2238.4	-2153.3	-2200.8
1974	-2238.2	-2153.2	-2200.7
1975	-2238.0	-2153.2	-2200.6
1976	-2237.8	-2153.1	-2200.4
1977	-2237.6	-2153.1	-2200.3
1978	-2237.4	-2153.0	-2200.1
1979	-2237.2	-2152.9	-2200.0
1980	-2237.1	-2152.9	-2199.9
1981	-2236.9	-2152.8	-2199.7
1982	-2236.7	-2152.7	-2199.6
1983	-2236.5	-2152.7	-2199.5
1984	-2236.3	-2152.6	-2199.3
1985	-2236.1	-2152.6	-2199.2
1986	-2235.9	-2152.5	-2199.0
1987	-2235.7	-2152.4	-2198.9
1988	-2235.5	-2152.4	-2198.8
1989	-2235.3	-2152.3	-2198.6
1990	-2235.1	-2152.3	-2198.5
1991	-2234.9	-2152.2	-2198.4
1992	-2234.7	-2152.1	-2198.2
1993	-2234.5	-2152.1	-2198.1
1994	-2234.3	-2152.0	-2198.0
1995	-2234.1	-2152.0	-2197.8
1996	-2234.0	-2151.9	-2197.7
1997	-2233.8	-2151.8	-2197.6
1998	-2233.6	-2151.8	-2197.4
1999	-2233.4	-2151.7	-2197.3
2000	-2233.2	-2151.7	-2197.2
