#fcpow	depth(uK)	freqAx(Hz)	freqRd(Hz)	freqRdZ(Hz)
0.	0.	0.	0.	0.
0.02	0.9771173337441129	39.078419577006414	296.66606712491756	299.22593720260863
0.04	1.9542346674882258	55.265230961908735	419.5491756239454	423.16937860572915
0.06	2.931352001232339	67.68580818686938	513.8407011419963	518.2745261773324
0.08	3.9084693349764517	78.15683915401283	593.3321342498351	598.4518744052173
0.1	4.885586668720565	87.38200262744492	663.3654927088314	669.0895362161161
0.12	5.862704002464678	95.72218791805456	726.6804884543114	732.9508639524732
0.14	6.83982133620879	103.39177983019688	784.9046360441265	791.6774156583326
0.16	7.816938669952903	110.53046192381747	839.0983512478908	846.3387572114583
0.18	8.794056003697014	117.23525873101923	889.9982013747526	897.6778116078257
0.2	9.77117333744113	123.57681322305405	938.1404765991398	946.2354965587555
0.22	10.748290671185242	129.60845513700923	983.9300326837406	992.4201612434999
0.24	11.725408004929356	135.37161637373876	1027.6814022839926	1036.5490523546648
0.26	12.702525338673468	140.8992455489924	1069.6447167091321	1078.874459532773
0.28	13.67964267241758	146.21805727375744	1110.0227814631219	1119.600938248496
0.3	14.656760006161692	151.3500682178517	1148.9827373596572	1158.8970715390094
0.32	15.633877339905807	156.31367830802566	1186.6642684996702	1196.9037488104345
0.34	16.61099467364992	161.12445159820246	1223.1855302926142	1233.7401450107925
0.36	17.588112007394027	165.7956928857262	1258.6475268718361	1269.5081358171874
0.38	18.565229341138146	170.33888180945243	1293.13740657517	1304.2956215524187
0.4	19.54234667488226	174.76400525488984	1326.7309854176629	1338.1790724322323
0.42	20.519464008626375	179.0798157508761	1359.4947087247851	1371.225507125057
0.44	21.496581342370483	183.2940350529833	1391.4871966475487	1403.4940516030515
0.46	22.473698676114598	187.41351648864827	1422.760476614887	1435.0371822290626
0.48	23.450816009858713	191.44437583610912	1453.360976908623	1465.9017279049465
0.5	24.427933343602824	195.39209788503206	1483.3303356245879	1496.129686013043
0.52	25.405050677346935	199.261623983522	1512.7060652907817	1525.7588927691904
0.54	26.38216801109105	203.05742456060813	1541.522103425989	1554.8235785319973
0.56	27.35928534483516	206.78355966039376	1569.809272088253	1583.3548313166652
0.58	28.336402678579272	210.44372982453092	1597.5956641521084	1611.380986405327
0.6	29.313520012323384	214.04131913977903	1624.9069701065912	1638.92795596493
0.62	30.2906373460675	217.57943187657537	1651.7667561990552	1666.0195095910983
0.64	31.267754679811613	221.06092384763494	1678.1967024957817	1692.6775144229166
0.66	32.24487201355573	224.48842938781146	1704.216807701145	1718.9221417294393
0.68	33.22198934729984	227.86438468010522	1729.845566238341	1744.7720455184115
0.7000000000000001	34.19910668104395	231.1910480150119	1755.1001220493984	1770.244517663388
0.72	35.176224014788055	234.47051746203846	1779.9964027495053	1795.3556232156513
0.74	36.15334134853217	237.704746346287	1804.549237118385	1820.1203189093958
0.76	37.13045868227629	240.89555685439532	1828.7724583905763	1844.552557343276
0.78	38.10757601602041	244.04465203897786	1852.6789953878354	1868.665378899176
0.8	39.08469334976452	247.1536264461081	1876.2809531982796	1892.470993117511
0.8200000000000001	40.06181068350864	250.22397555410012	1899.5896848314403	1915.9808509705829
0.84	41.03892801725275	253.25710418216397	1922.6158550530515	1939.2057092481805
0.86	42.01604535099686	256.25433400309936	1945.369497418098	1962.1556880827573
0.88	42.993162684740966	259.21691027401846	1967.8600653674812	1984.8403224869999
0.9	43.970280018485084	262.14600788233474	1990.096478126494	2007.2686086483484
0.92	44.947397352229196	265.04273679028006	2012.0871620371818	2029.449045618011
0.9400000000000001	45.924514685973314	267.90814694950626	2033.8400878678265	2051.389672942378
0.96	46.901632019717425	270.7432327474775	2055.362804567985	2073.0981047093296
0.98	47.87874935346154	273.54893703904486	2076.6624698744226	2094.5815604182603
1.	48.85586668720565	276.3261548095437	2097.745878119727	2115.846893028646
1.02	49.832984020949766	279.07573650975905	2118.619485549888	2136.9006144960867
1.04	50.81010135469387	281.7984910979848	2139.2894334182643	2157.748919065546
1.06	51.78721868843799	284.4951888200178	2159.7615690900707	2178.3977045579427
1.08	52.7643360221821	287.16656375416363	2180.041465362934	2198.8525918574196
1.1	53.74145335592622	289.8133161450845	2200.1344381844347	2219.118942781768
1.12	54.71857068967032	292.4361145475149	2220.0455629262437	2239.201876496992
1.1400000000000001	55.69568802341445	295.03559779844164	2239.7796893560467	2259.1062846184177
1.16	56.672805357158545	297.61237683423104	2259.341455432364	2278.836845124549
1.18	57.64992269090266	300.1670363673482	2278.7353000334633	2298.3980351958166
1.2	58.62704002464677	302.7001364357034	2297.9654747193144	2317.794143078019
1.22	59.604157358390886	305.21221383625857	2317.036054614889	2337.029279059539
1.24	60.581274692135	307.7037834532858	2335.9509484937175	2356.1073856419043
1.26	61.558392025879115	310.17533949059066	2354.7139081323794	2375.032246974998
1.28	62.53550935962323	312.6273566160513	2373.3285369993405	2393.807497620869
1.3	63.512626693367345	315.0602910259817	2391.7982983351244	2412.4366307036266
1.32	64.48974402711146	317.47458143607787	2410.12652267514	2430.923005497181
1.34	65.46686136085557	319.87065000504407	2428.3164148614424	2449.2698544975046
1.36	66.44397869459968	322.2489031964049	2446.3710605852284	2467.480290021585
1.3800000000000001	67.4210960283438	324.6097325834864	2464.293432497896	2485.557310371214
1.4000000000000001	68.3982133620879	326.9535156020792	2482.0863959249336	2503.5038055961813
1.42	69.375330695832	329.2806162548831	2499.7527142137465	2521.3225628882437
1.44	70.35244802957611	331.5913857714524	2517.2950537436723	2539.016271634375
1.46	71.32956536332024	333.8861632270327	2534.715988623918	2556.587528155236
1.48	72.30668269706435	336.16527612337546	2552.0180051028424	2574.0388401525106
1.5	73.28380003080848	338.4290409343469	2569.2035057099815	2591.372630886662
1.52	74.26091736455258	340.67776361890486	2586.27481315034	2608.5912431048373
1.54	75.23803469829672	342.91174010379837	2603.2341739688327	2625.696942736922
1.56	76.21515203204082	345.1312567381453	2620.0837620012376	2642.691922376273
1.58	77.19226936578494	347.33659072186464	2636.8256816266644	2659.578304560251
1.6	78.16938669952904	349.5280105097797	2653.4619708353257	2676.3581448644645
1.62	79.14650403327315	351.7057761930577	2669.994604124258	2693.033434823478
1.6400000000000001	80.12362136701728	353.87013985952217	2686.425495232656	2709.606104689742
1.6600000000000001	81.10073870076138	356.0213459342492	2702.756499727526	2726.0780260415686
1.68	82.0778560345055	358.1596315017522	2718.9894174495703	2742.451014250114
1.7	83.0549733682496	360.28522661095536	2735.1259948284137	2758.72683081458
1.72	84.03209070199372	362.3983545640681	2751.1679270756063	2774.907185574148
1.74	85.00920803573783	364.4992321903855	2767.116860263196	2790.9937388044805
1.76	85.98632536948193	366.5880701059666	2782.9743932950973	2806.988103206103
1.78	86.96344270322606	368.66507296007	2798.7420797779105	2822.891845791364
1.8	87.94056003697017	370.7304396691621	2814.421429797419	2838.7064896762668
1.82	88.91767737071429	372.78436363925834	2830.0139116064993	2854.4335157829364
1.84	89.89479470445839	374.82703297729654	2845.520953229774	2870.0743644581253
1.86	90.87191203820251	376.8586306921999	2860.9439439899984	2885.630437012767
1.8800000000000001	91.84902937194663	378.8793348862359	2876.284235960767	2901.1030971872187
1.9000000000000001	92.82614670569073	380.88931893723804	2891.5431453498636	2916.4936725465477
1.92	93.80326403943485	382.88875167221823	2906.721953817246	2931.803455809893
1.94	94.78038137317894	384.8777975328612	2921.8219097314113	2947.0337061176633
1.96	95.75749870692307	386.85661673336114	2936.8442293676176	2962.185650240104
1.98	96.73461604066716	388.8253654110277	2951.790098051222	2977.260483730499
2.	97.7117333744113	390.7841957700641	2966.6606712491757	2992.259372026086
2.02	98.6888507081554	392.7332562188901	2981.457075612523	3007.183451499547
2.04	99.66596804189953	394.6726915013616	2996.180409972561	3022.0338304637667
2.06	100.64308537564362	396.602642822215	3010.831746293158	3036.8115901323686
2.08	101.62020270938774	398.523247967044	3025.4121305815634	3051.517785538381
2.1	102.59732004313186	400.4346414170965	3039.9225837598956	3066.153446413249
2.12	103.57443737687598	402.3369544591637	3054.364102499374	3080.719578028261
2.14	104.5515547106201	404.230315290815	3068.737660019209	3095.2171620003346
2.16	105.5286720443642	406.11484912121625	3083.044206851978	3109.6471570639947
2.18	106.50578937810832	407.9906782677575	3097.284671577171	3124.0104998112542
2.2	107.48290671185244	409.8579222487	3111.4599615245374	3138.308105401021
2.22	108.46002404559654	411.71669787204155	3125.5709634487007	3152.540868239542
2.24	109.43714137934064	413.5671193207875	3139.618544176506	3166.7096626333305
2.2600000000000002	110.41425871308476	415.40929823480246	3153.603551228399	3180.8153434159112
2.2800000000000002	111.3913760468289	417.24334378940983	3167.526813415119	3194.8587465496594
2.3000000000000003	112.36849338057301	419.0693627708953	3181.389141410887	3208.840689703937
2.32	113.34561071431709	420.88745964906184	3195.1913283042168	3222.761972810654
2.34	114.3227280480612	422.69773664697715	3208.934150127396	3236.623378598319
2.36	115.29984538180533	424.5002938080418	3222.6183663656484	3250.4256731055975
2.38	116.27696271554943	426.2952290605073	3236.2447204469204	3264.1696061753228
2.4	117.25408004929353	428.08263827955807	3249.8139402131824	3277.85591192986
2.42	118.23119738303765	429.8626153470705	3263.326738374093	3291.485309228695
2.44	119.20831471678177	431.63525220915415	3276.7838129438237	3305.0585021090164
2.46	120.18543205052588	433.400638931574	3290.1858476618054	3318.576180210102
2.48	121.16254938427	435.15886375315074	3303.5335123981104	3332.0390191821966
2.5	122.13966671801411	436.91001313722455	3316.827463544156	3345.4476810805804
2.52	123.11678405175823	438.65417182127237	3330.0683443893654	3358.802814745488
2.54	124.09390138550233	440.39142286475436	3343.2567854844015	3372.105056168475
2.56	125.07101871924645	442.1218476952699	3356.3934049915633	3385.355028845833
2.58	126.04813605299056	443.84552615309303	3369.478809022877	3398.5533441196053
2.6	127.02525338673469	445.56253653415763	3382.513591966423	3411.7006015067227
2.62	128.00237072047878	447.2729556315573	3395.4983368013827	3424.7973890167736
2.64	128.9794880542229	448.97685877562293	3408.43361540229	3437.8442834588786
2.66	129.95660538796704	450.6743198726351	3421.31998883292	3450.841850738117
2.68	130.93372272171115	452.36541144223094	3434.1580076302635	3463.790646141948
2.7	131.91084005545525	454.0502046535552	3446.9482120789726	3476.691214617029
2.72	132.88795738919936	455.72876936021044	3459.691132476682	3489.544091036823
2.74	133.86507472294346	457.401174134051	3472.3872893905645	3502.3498004603694
2.7600000000000002	134.8421920566876	459.06748629787	3485.0371939054717	3515.108858382563
2.7800000000000002	135.8193093904317	460.7277719570219	3497.6413478639984	3527.8217709762985
2.8000000000000003	136.7964267241758	462.3820960300238	3510.2002440987967	3540.489035326776
2.82	137.7735440579199	464.03052227817375	3522.7143666574248	3553.1111396583
2.84	138.750661391664	465.67311333422634	3535.1841910200355	3565.688563553845
2.86	139.72777872540814	467.30993073016094	3547.6101843101856	3578.221778167679
2.88	140.70489605915222	468.9410349240769	3559.9928054990105	3590.7112464313027
2.9	141.68201339289635	470.5664853262511	3572.3325056030385	3603.1574232529756
2.92	142.65913072664048	472.1863403243866	3584.6297278758725	3615.560755711042
2.94	143.6362480603846	473.80065730808565	3596.8849079939732	3627.921683241327
2.96	144.6133653941287	475.409492692574	3609.09847423677	3640.2406378187916
2.98	145.59048272787282	477.0129019417055	3621.2708476612947	3652.5180441336825
3.	146.56760006161696	478.6109395902727	3633.4024422715574	3664.7543197623663
3.02	147.54471739536106	480.20365926564983	3645.493665182849	3676.9498753330463
3.04	148.52183472910517	481.79111370879065	3657.5449167811526	3689.105114686552
3.06	149.4989520628493	483.3733547946074	3669.5565908778426	3701.2204350323777
3.08	150.47606939659343	484.95043355174965	3681.5290748598445	3713.2962271001275
3.1	151.4531867303375	486.5224001818072	3693.46274983541	3725.332875286559
3.12	152.43030406408164	488.0893040779557	3705.3579907756707	3737.330757798352
3.14	153.40742139782574	489.65119384306587	3717.2151666521104	3749.290246790768
3.16	154.38453873156988	491.2081173072939	3729.0346405701093	3761.2117085023488
3.18	155.36165606531398	492.7601215451722	3740.816769898683	3773.095503385773
3.2	156.33877339905808	494.3072528922162	3752.561906396559	3784.941986235022
3.22	157.3158907328022	495.8495569610664	3764.2703963347185	3796.7515063089786
3.24	158.2930080665463	497.3870786571786	3775.9425806155086	3808.5244074515626
3.2600000000000002	159.27012540029042	498.91986219407926	3787.5787948884545	3820.261028208551
3.2800000000000002	160.24724273403456	500.44795110820024	3799.1793696628806	3831.9617019411658
3.3000000000000003	161.22436006777866	501.971388273308	3810.7446304174478	3843.6267569365546
3.3200000000000003	162.20147740152277	503.49021591453857	3822.2748977067013	3855.2565165152623
3.34	163.17859473526687	505.0044756220534	3833.7704872647428	3866.8512991357934
3.36	164.155712069011	506.51420836432794	3845.231710106103	3878.411418496361
3.38	165.13282940275508	508.0194545010834	3856.658872623928	3889.9371836339124
3.4	166.1099467364992	509.520253795877	3868.052276685546	3901.428899020526
3.42	167.08706407024331	511.01664542835726	3879.412219725509	3912.8868646572564
3.44	168.06418140398745	512.5086680061987	3890.738994836196	3924.3113761655145
3.46	169.04129873773152	513.9963595767235	3902.0328908560386	3935.7027248760605
3.48	170.01841607147566	515.479757638223	3913.2941924554693	3947.0611979156884
3.5	170.99553340521976	516.9588991509844	3924.5231802206326	3958.387078291663
3.52	171.97265073896386	518.4338205480369	3935.7201307349624	3969.6806449739997
3.54	172.94976807270797	519.904557745622	3946.885316658668	3980.942172975635
3.56	173.92688540645213	521.3711461533975	3958.019006806204	3992.1719334305667
3.58	174.90400274019623	522.8336206843856	3969.1214662217803	4003.3701936700195
3.6	175.88112007394034	524.2920157646695	3980.192956252988	4014.537217296697
3.62	176.85823740768444	525.7463653428496	3991.2337346225745	4025.6732642571833
3.64	177.83535474142857	527.1967028992628	4002.2440554984446	4036.7785909125446
3.66	178.81247207517265	528.6430614549765	4013.2241695619236	4047.8534501071854
3.68	179.78958940891678	530.0854735805601	4024.1743240743635	4058.898091236022
3.7	180.7667067426609	531.5239714046425	4035.0947629420957	4069.912760310005
3.72	181.74382407640502	532.9585866222626	4045.985726779828	4080.897700020056
3.74	182.72094141014912	534.389350503017	4056.8474529725004	4091.85314979946
3.7600000000000002	183.69805874389326	535.8162938990125	4067.680175735653	4102.779345884756
3.7800000000000002	184.6751760776374	537.2394472526282	4078.484126174355	4113.6765213751705
3.8000000000000003	185.65229341138146	538.6588406040934	4089.259532340734	4124.544906290645
3.8200000000000003	186.62941074512557	540.0745035988855	4100.006619290135	4135.3847276284805
3.84	187.6065280788697	541.486465494955	4110.72560913597	4146.196209418659
3.86	188.5836454126138	542.8947551697803	4121.416721103273	4156.979572777865
3.88	189.56076274635788	544.2994011272585	4132.0801715810185	4167.735035962245
3.9	190.537880080102	545.700431504437	4142.716174173218	4178.462814418958
3.92	191.51499741384615	547.0978740780897	4153.324939748845	4189.163120836521
3.94	192.49211474759025	548.4917562711421	4163.906676490616	4199.836165194013
3.96	193.46923208133433	549.8821051589499	4174.461589942646	4210.482154809154
3.98	194.44634941507846	551.268947475436	4184.989883057049	4221.101294385283
4.	195.4234667488226	552.6523096190874	4195.491756239454	4231.693786057292
4.0200000000000005	196.40058408256672	554.0322176588184	4205.967407393523	4242.25982943651
4.04	197.3777014163108	555.408697339702	4216.417031964456	4252.7996216545935
4.0600000000000005	198.35481875005496	556.7817740885754	4226.840822981547	4263.313357406448
4.08	199.33193608379906	558.1514730195181	4237.238971099776	4273.8012289921735
4.1	200.3090534175431	559.5178189392134	4247.611664640501	4284.263426358117
4.12	201.28617075128724	560.8808363521889	4257.959089631254	4294.700137137001
4.14	202.26328808503138	562.2405494659448	4268.28142984466	4305.111546687188
4.16	203.24040541877548	563.5969821959696	4278.5788668365285	4315.497838131092
4.18	204.21752275251956	564.9501581706484	4288.8515799830975	4325.859192392756
4.2	205.19464008626372	566.3001007360648	4299.099746517506	4336.195788234624
4.22	206.1717574200078	567.6468329607007	4309.323541565456	4346.507802293522
4.24	207.14887475375195	568.9903776400356	4319.523138180141	4356.795409115885
4.26	208.125992087496	570.3307573010479	4329.698707376411	4367.058781192214
4.28	209.1031094212402	571.6679942066229	4339.850418164242	4377.298088990834
4.3	210.08022675498427	573.0021103598659	4349.978437581469	4387.513500990918
4.32	211.0573440887284	574.3331275083273	4360.082930725868	4397.705183714839
4.34	212.03446142247253	575.6610671481382	4370.164060786557	4407.873301759834
4.36	213.01157875621664	576.9859505280607	4380.221989074733	4418.018017829027
4.38	213.98869608996068	578.307798653456	4390.256875053802	4428.139492761797
4.4	214.96581342370487	579.626632290169	4400.268876368869	4438.237885563536
4.42	215.94293075744892	580.9424719683346	4410.2581488756305	4448.313353434789
4.44	216.92004809119308	582.2553379861072	4420.224846668694	4458.366051799812
4.46	217.89716542493716	583.5652504133127	4430.169122109294	4468.396134334535
4.48	218.8742827586813	584.8722290950298	4440.0911258524875	4478.403752993984
4.5	219.8514000924254	586.1762936550962	4449.991006873764	4488.38905803913
4.5200000000000005	220.82851742616953	587.4774634995474	4459.868912495157	4498.352198063215
4.54	221.8056347599136	588.775757819986	4469.72498841082	4508.2933200175585
4.5600000000000005	222.7827520936578	590.0711955968833	4479.559378712093	4518.212569236835
4.58	223.7598694274018	591.3637956028182	4489.372225912086	4528.11008946387
4.6000000000000005	224.73698676114603	592.6535764056507	4499.163670969773	4537.986022873944
4.62	225.71410409489008	593.940556371633	4508.933853313616	4547.840510098618
4.64	226.69122142863418	595.2247536684621	4518.682910864728	4557.673690249098
4.66	227.6683387623783	596.5061862682717	4528.410980059595	4567.485700939152
4.68	228.6454560961224	597.784871950566	4538.118195872345	4577.276678307572
4.7	229.62257342986652	599.0608283050989	4547.804691836604	4587.046757040217
4.72	230.59969076361065	600.3340727346964	4557.470600066927	4596.796070391633
4.74	231.57680809735476	601.6046224580263	4567.116051279819	4606.524750206248
4.76	232.55392543109886	602.8724945123146	4576.74117481436	4616.232926939185
4.78	233.531042764843	604.1377057560118	4586.346098652445	4625.920729676665
4.8	234.50816009858707	605.4002728714069	4595.930949438629	4635.588286156038
4.82	235.48527743233123	606.6602123671953	4605.495852499623	4645.235722785428
4.84	236.4623947660753	607.917540580996	4615.040931863399	4654.86316466302
4.86	237.43951209981944	609.1722736818244	4624.566310277965	4664.470735595992
4.88	238.41662943356354	610.4244276725171	4634.072109229778	4674.058558119078
4.9	239.39374676730768	611.6740183921145	4643.5584489618195	4683.626753512814
4.92	240.37086410105175	612.9210615181968	4653.025448491343	4693.175441821427
4.94	241.34798143479588	614.165572569181	4662.473225627298	4702.70474187042
4.96	242.32509876854	615.4075669065716	4671.901896987435	4712.214771283809
4.98	243.30221610228415	616.6470597371749	4681.311578015094	4721.705646501071
5.	244.27933343602822	617.8840661152701	4690.702382995698	4731.177482793778
5.0200000000000005	245.25645076977236	619.1186009447432	4700.074425072958	4740.63039428193
5.04	246.23356810351646	620.3506789811813	4709.427816264759	4750.064493949996
5.0600000000000005	247.21068543726062	621.5803148339314	4718.762667478799	4759.4798936626685
5.08	248.18780277100467	622.8075229681203	4728.079088527918	4768.876704180345
5.1000000000000005	249.16492010474883	624.0323177066412	4737.377188145183	4778.255035174324
5.12	250.1420374384929	625.2547132321026	4746.657073998681	4787.614995241738
5.14	251.11915477223704	626.4747235887457	4755.918852706077	4796.956691920235
5.16	252.09627210598111	627.6923626843263	4765.162629848896	4806.2802317023825
5.18	253.07338943972525	628.9076442919647	4774.388509986574	4815.585720049835
5.2	254.05050677346938	630.1205820519634	4783.596596670249	4824.873261407253
5.22	255.02762410721348	631.3311894735929	4792.786992456326	4834.142959215981
5.24	256.00474144095756	632.539479936848	4801.959798919803	4843.394915927486
5.26	256.98185877470166	633.7454666941727	4811.11511666737	4852.629233016572
5.28	257.9589761084458	634.9491628721557	4820.25304535028	4861.846010994362
5.3	258.93609344218993	636.150581473198	4829.373683677007	4871.045349421063
5.32	259.9132107759341	637.349735377151	4838.477129425682	4880.227346918517
5.34	260.8903281096782	638.5466373429282	4847.563479456329	4889.3921011825305
5.36	261.8674454434223	639.7413000100881	4856.632829722885	4898.539708995009
5.38	262.8445627771664	640.9337359003927	4865.685275285023	4907.670266235873
5.4	263.8216801109105	642.1239574193371	4874.720910319775	4916.783867894791
5.42	264.7987974446546	643.3119768576576	4883.739828132967	4925.880608082704
5.44	265.7759147783987	644.4978063928098	4892.742121170457	4934.96058004317
5.46	266.7530321121428	645.6814580904273	4901.727881029193	4944.023876163504
5.48	267.7301494458869	646.8629439057527	4910.697198468086	4953.070587985758
5.5	268.7072667796311	648.0422756850462	4919.650163418704	4962.1008062175
5.5200000000000005	269.6843841133752	649.2194651669728	4928.586864995792	4971.114620742428
5.54	270.6615014471193	650.3945239839636	4937.507391507623	4980.112120630811
5.5600000000000005	271.6386187808634	651.5674636635589	4946.41183046618	4989.093394149752
5.58	272.6157361146075	652.738295629726	4955.300268597166	4998.058528773295
5.6000000000000005	273.5928534483516	653.9070312041584	4964.172791849867	5007.007611192363
5.62	274.5699707820957	655.0736816075522	4973.029485406845	5015.94072732454
5.64	275.5470881158398	656.238257960864	4981.870433693478	5024.857962323692
5.66	276.524205449584	657.4007712865463	4990.69572038735	5033.759400589444
5.68	277.501322783328	658.5612325097662	4999.505428427493	5042.6451257764875
5.7	278.4784401170722	659.7196524596028	5008.2996400234815	5051.515220803769
5.72	279.4555574508163	660.8760418702251	5017.07843666438	5060.3697678635035
5.74	280.43267478456045	662.0304113820545	5025.841899127555	5069.208848430069
5.76	281.40979211830444	663.1827715429048	5034.5901074873445	5078.03254326875
5.78	282.3869094520486	664.333132809109	5043.323141123598	5086.8409324443455
5.8	283.3640267857927	665.4815055466242	5052.041078730077	5095.634095329652
5.82	284.34114411953686	666.6279000321231	5060.7439983227305	5104.4121106138
5.84	285.31826145328097	667.7723264540654	5069.431977247836	5113.175056310472
5.86	286.29537878702513	668.9147949137555	5078.105092190026	5121.923009765999
5.88	287.2724961207692	670.0553154263819	5086.763419180179	5130.656047667312
5.9	288.2496134545133	671.1938979220421	5095.407033603204	5139.374246049799
5.92	289.2267307882574	672.3305522467509	5104.036010205685	5148.077680305021
5.94	290.20384812200155	673.4652881634345	5112.650423103435	5156.766425188319
5.96	291.18096545574565	674.5981153529073	5121.250345788917	5165.440554826305
5.98	292.1580827894898	675.7290434148372	5129.835851138559	5174.100142724246
6.	293.1352001232339	676.8580818686938	5138.407011419963	5182.745261773324
6.0200000000000005	294.112317456978	677.9852401546837	5146.963898298996	5191.375984257798
6.04	295.0894347907221	679.1105276346705	5155.506582846788	5199.9923818620555
6.0600000000000005	296.0665521244662	680.2339535930834	5164.035135546614	5208.594525677554
6.08	297.04366945821033	681.3555272378097	5172.54962630068	5217.182486209675
6.1000000000000005	298.02078679195444	682.4752577010761	5181.050124436808	5225.756333384454
6.12	298.9979041256986	683.5931540403157	5189.536698715024	5234.316136555235
6.140000000000001	299.9750214594427	684.7092252390232	5198.009417334042	5242.861964509204
6.16	300.95213879318686	685.8234802075967	5206.468347937665	5251.393885473844
6.18	301.9292561269308	686.9359277841684	5214.9135576210765	5259.911967123296
6.2	302.906373460675	688.046576735422	5223.3451129370615	5268.4162765846095
6.22	303.8834907944191	689.1554357573983	5231.763079902114	5276.906880443923
6.24	304.8606081281633	690.2625134762906	5240.167524002475	5285.383844752546
6.26	305.8377254619073	691.3678184492265	5248.558510200071	5293.847235032947
6.28	306.8148427956515	692.4713591650411	5256.936102938379	5302.2971162846725
6.3	307.7919601293956	693.5731440450356	5265.300366148195	5310.733552990165
6.32	308.76907746313975	694.6731814437293	5273.651363253329	5319.156609120502
6.34	309.74619479688374	695.7714796495966	5281.98915717621	5327.566348141062
6.36	310.72331213062796	696.8680468857972	5290.31381034343	5335.9628330171
6.38	311.700429464372	697.9628913108934	5298.625384691182	5344.346126219246
6.4	312.67754679811617	699.0560210195594	5306.923941670651	5352.716289728929
6.42	313.6546641318602	700.147444043278	5315.209542253298	5361.073385043727
6.44	314.6317814656044	701.2371683510307	5323.482246936104	5369.417473182635
6.46	315.6088987993485	702.325201849975	5331.742115746713	5377.748614691261
6.48	316.5860161330926	703.4115523861154	5339.989208248516	5386.066869646956
6.5	317.5631334668367	704.496227744962	5348.2235835456595	5394.3722976638655
6.5200000000000005	318.54025080058085	705.5792356521825	5356.445300287995	5402.664957897918
6.54	319.51736813432495	706.6605837742434	5364.654416675943	5410.9449090517355
6.5600000000000005	320.4944854680691	707.7402797190443	5372.850990465312	5419.212209379484
6.58	321.47160280181316	708.818331036541	5381.035078972023	5427.466916691658
6.6000000000000005	322.4487201355573	709.8947452193629	5389.2067390768025	5435.709088359791
6.62	323.42583746930137	710.969529703419	5397.36602722978	5443.938781321113
6.640000000000001	324.40295480304553	712.0426918684984	5405.512999455052	5452.156052083137
6.66	325.3800721367896	713.114239038861	5413.647711355155	5460.3609567281865
6.68	326.35718947053374	714.184178483821	5421.770218115507	5468.553550917861
6.7	327.33430680427784	715.2525174183219	5429.880574508766	5476.7338898974385
6.72	328.311424138022	716.3192630035044	5437.978834899141	5484.902028500228
6.74	329.28854147176605	717.3844223472657	5446.065053246644	5493.058021151851
6.76	330.26565880551016	718.4480025048136	5454.13928311129	5501.20192187448
6.78	331.24277613925426	719.5100104792102	5462.201577657228	5509.333784291005
6.8	332.2198934729984	720.5704532219107	5470.251989656827	5517.45366162916
6.82	333.19701080674247	721.6293376332936	5478.29057149471	5525.561606725582
6.84	334.17412814048663	722.686670563186	5486.317375171729	5533.657672029829
6.86	335.1512454742308	723.7424588113782	5494.332452308887	5541.741909608329
6.88	336.1283628079749	724.7967091281362	5502.3358541512125	5549.814371148296
6.9	337.105480141719	725.849428214704	5510.327631571585	5557.8751079615795
6.92	338.08259747546305	726.9006227238006	5518.3078350745045	5565.924170988471
6.94	339.0597148092072	727.9502992601114	5526.276514799819	5573.961610801466
6.96	340.0368321429513	728.998464380771	5534.233720526392	5581.987477608961
6.98	341.0139494766954	730.0451245958423	5542.179501675741	5590.00182125892
7.	341.9910668104395	731.0902863687872	5550.113907315609	5598.0046912424805
7.0200000000000005	342.9681841441837	732.1339561169335	5558.036986163506	5605.996136697527
7.04	343.9453014779277	733.1761402119332	5565.948786590195	5613.976206412206
7.0600000000000005	344.9224188116719	734.2168449802177	5573.849356623144	5621.9449488284
7.08	345.89953614541594	735.2560767034445	5581.738743949916	5629.902412045162
7.1000000000000005	346.8766534791601	736.293841618941	5589.616995921541	5637.8486438221025
7.12	347.85377081290426	737.33014592014	5597.484159555821	5645.783691582728
7.140000000000001	348.8308881466483	738.3649957570112	5605.340281540604	5653.707602417751
7.16	349.80800548039247	739.3983972364883	5613.1854082370255	5661.620423088346
7.18	350.7851228141365	740.4303564228876	5621.019585682692	5669.522200029367
7.2	351.7622401478807	741.4608793383242	5628.842859594838	5677.4129793525335
7.22	352.7393574816247	742.4899719631218	5636.655275373433	5685.292806849563
7.24	353.7164748153689	743.5176402362181	5644.4568781042635	5693.161727995278
7.26	354.693592149113	744.5438900555632	5652.247712561958	5701.019787950657
7.28	355.67070948285715	745.5687272785167	5660.027823212999	5708.867031565873
7.3	356.6478268166012	746.5921577222357	5667.7972542186635	5716.703503383265
7.32	357.6249441503453	747.6141871640614	5675.556049437975	5724.529247640306
7.34	358.6020614840894	748.6348213418988	5683.3042524305665	5732.344308272494
7.36	359.57917881783357	749.6540659545931	5691.041906459548	5740.148728916251
7.38	360.5562961515776	750.6719266623002	5698.769054494319	5747.942552911748
7.4	361.5334134853218	751.6884090868546	5706.485739213361	5755.725823305729
7.42	362.5105308190659	752.7035188121304	5714.1920030069705	5763.49858285427
7.44	363.48764815281004	753.7172613843998	5721.887887979997	5771.260874025534
7.46	364.4647654865541	754.7296423126867	5729.573435954509	5779.012739002462
7.48	365.44188282029825	755.7406670691163	5737.248688472457	5786.754219685465
7.5	366.41900015404235	756.7503410892585	5744.913686798288	5794.485357695047
7.5200000000000005	367.3961174877865	757.7586697724718	5752.568471921534	5802.2061943744375
7.54	368.3732348215306	758.7656584822369	5760.213084559375	5809.916770792149
7.5600000000000005	369.3503521552748	759.7713125464919	5767.847565159155	5817.617127744542
7.58	370.3274694890188	760.7756372579603	5775.471953900888	5825.307305758334
7.6000000000000005	371.30458682276293	761.7786378744761	5783.086290699727	5832.987345093095
7.62	372.281704156507	762.7803196193047	5790.690615208387	5840.6572857437
7.640000000000001	373.25882149025114	763.7806876814609	5798.284966819572	5848.317167442764
7.66	374.23593882399524	764.7797472160215	5805.869384668347	5855.9670296630375
7.68	375.2130561577394	765.7775033444365	5813.443907634492	5863.606911619786
7.7	376.1901734914835	766.7739611548341	5821.008574344823	5871.23685227313
7.72	377.1672908252276	767.7691257023243	5828.5634231755	5878.85689033037
7.74	378.1444081589716	768.763002009298	5836.108492254292	5886.467064248271
7.76	379.12152549271576	769.7555950657224	5843.643819462823	5894.067412235327
7.78	380.09864282645987	770.7469098294335	5851.169442438786	5901.657972254002
7.8	381.075760160204	771.736951226425	5858.685398578147	5909.238782022943
7.82	382.05287749394813	772.7257241511338	5866.191725037304	5916.809879019163
7.84	383.0299948276923	773.7132334667223	5873.688458735235	5924.371300480208
7.86	384.00711216143645	774.6994840053575	5881.175636355615	5931.923083406286
7.88	384.9842294951805	775.6844805684873	5888.653294348908	5939.465264562385
7.9	385.9613468289246	776.6682279271121	5896.12146893444	5946.99788048036
7.92	386.93846416266865	777.6507308220554	5903.580196102444	5954.520967460998
7.94	387.9155814964128	778.6319939642306	5911.02951161609	5962.034561576061
7.96	388.8926988301569	779.6120220349031	5918.469451013471	5969.538698670294
7.98	389.8698161639011	780.5908196859522	5925.900049609601	5977.0334143634345
8.	390.8469334976452	781.5683915401282	5933.321342498351	5984.518744052172
8.02	391.82405083138934	782.5447421913075	5940.733364554398	5991.99472291211
8.040000000000001	392.80116816513345	783.5198762047435	5948.136150435124	5999.4613858996845
8.06	393.77828549887744	784.4937981173164	5955.529734582519	6006.918767754075
8.08	394.7554028326216	785.4665124377802	5962.914151225046	6014.366902999094
8.1	395.7325201663657	786.4380236470042	5970.2894343794815	6021.8058259450445
8.120000000000001	396.7096375001099	787.408336198216	5977.655617852758	6029.235570690572
8.14	397.68675483385397	788.3774545172377	5985.01273524376	6036.6561711244785
8.16	398.66387216759813	789.3453830027232	5992.360819945122	6044.067660927533
8.18	399.6409895013422	790.3121260263897	5999.699905144985	6051.470073574255
8.2	400.6181068350862	791.2776879332492	6007.030023828755	6058.863442334675
8.22	401.5952241688304	792.2420730418359	6014.351208780833	6066.247800276078
8.24	402.5723415025745	793.20528564443	6021.663492586316	6073.623180264737
8.26	403.54945883631865	794.1673300072841	6028.9669076327	6080.989614967611
8.28	404.52657617006275	795.1282103708402	6036.261486111545	6088.347136854033
8.3	405.5036935038069	796.0879309499495	6043.547260020139	6095.695778197391
8.32	406.48081083755096	797.046495934088	6050.824261163127	6103.035571076762
8.34	407.4579281712951	798.0039094875694	6058.092521154135	6110.366547378566
8.36	408.4350455050391	798.9601757497562	6065.352071417374	6117.688738798159
8.38	409.4121628387833	799.915298835269	6072.60294318922	6125.002176841457
8.4	410.38928017252744	800.869282834193	6079.845167519791	6132.306892826498
8.42	411.36639750627154	801.8221318122811	6087.0787752744845	6139.602917885012
8.44	412.3435148400156	802.7738498111578	6094.303797135526	6146.890282963976
8.46	413.32063217375975	803.7244408485187	6101.520263603478	6154.169018827133
8.48	414.2977495075039	804.6739089183274	6108.728204998748	6161.439156056522
8.5	415.274866841248	805.6222579910124	6115.92765146307	6168.700725053964
8.52	416.251984174992	806.5694920136601	6123.118632960979	6175.953756042549
8.540000000000001	417.2291015087362	807.5156149102073	6130.301179281269	6183.19827906811
8.56	418.2062188424804	808.46063058163	6137.475320038418	6190.434324000669
8.58	419.1833361762245	809.4045429061315	6144.641084674032	6197.661920535873
8.6	420.16045350996853	810.3473557393273	6151.7985024582385	6204.881098196416
8.620000000000001	421.13757084371264	811.2890729144308	6158.947602491094	6212.0918863334555
8.64	422.1146881774568	812.2296982424325	6166.088413703956	6219.294314127989
8.66	423.0918055112009	813.1692355122823	6173.22096486085	6226.488410592244
8.68	424.06892284494506	814.1076884910658	6180.345284559827	6233.674204571032
8.700000000000001	425.0460401786891	815.0450609241815	6187.4614012342945	6240.851724743112
8.72	426.0231575124333	815.981356535515	6194.569343154342	6248.0209996225085
8.74	427.0002748461773	816.9165790276115	6201.669138428057	6255.182057559847
8.76	427.97739217992137	817.8507320818466	6208.760815002808	6262.3349267436515
8.78	428.9545095136655	818.7838193585953	6215.84440066655	6269.479635201647
8.8	429.93162684740975	819.7158444974	6222.919923049075	6276.616210802042
8.82	430.90874418115385	820.6468111171347	6229.98740962327	6283.744681254781
8.84	431.88586151489784	821.5767228161704	6237.046887706378	6290.865074112821
8.86	432.862978848642	822.505583172537	6244.0983844612165	6297.977416773365
8.88	433.84009618238616	823.4333957440831	6251.141926897401	6305.081736479084
8.9	434.81721351613027	824.360164068636	6258.1775418725465	6312.178060319344
8.92	435.7943308498743	825.2858916641584	6265.205256093473	6319.26641523141
8.94	436.7714481836185	826.2105820289046	6272.225096117378	6326.346828001641
8.96	437.7485655173626	827.134238641575	6279.237088353012	6333.419325266661
8.98	438.72568285110674	828.0568649614678	6286.241259061839	6340.483933514538
9.	439.7028001848508	828.978464428631	6293.23763435918	6347.540679085937
9.02	440.6799175185949	829.8990404640119	6300.2262402153565	6354.5895881752695
9.040000000000001	441.65703485233905	830.8185964696049	6307.207102456798	6361.6306868318225
9.06	442.63415218608316	831.7371358285988	6314.1802467671805	6368.6640009608855
9.08	443.6112695198272	832.6546619055209	6321.145698688506	6375.689556324859
9.1	444.58838685357136	833.5711780463826	6328.1034836222125	6382.707378544364
9.120000000000001	445.5655041873156	834.4866875788197	6335.053626830238	6389.717493099319
9.14	446.5426215210597	835.4011938122349	6341.996153436103	6396.7199253300305
9.16	447.5197388548036	836.3147000379363	6348.931088425961	6403.714700438254
9.18	448.4968561885478	837.227209529277	6355.858456649662	6410.70184348826
9.200000000000001	449.47397352229206	838.1387255417906	6362.778282821774	6417.681379407874
9.22	450.4510908560361	839.0492513133263	6369.690591522619	6424.653332989519
9.24	451.42820818978015	839.9587900641851	6376.595407199295	6431.61772889124
9.26	452.4053255235243	840.8673449972514	6383.492754166681	6438.5745916377255
9.28	453.38244285726836	841.7749192981237	6390.3826566084335	6445.523945621308
9.3	454.3595601910126	842.6815161352476	6397.265138577986	6452.465815102972
9.32	455.3366775247566	843.5871386600414	6404.140223999519	6459.400224213331
9.34	456.3137948585008	844.4917900070271	6411.007936668928	6466.327196953617
9.36	457.2909121922448	845.3954732939543	6417.868300254792	6473.246757196638
9.38	458.268029525989	846.2981916219281	6424.721338299328	6480.158928687751
9.4	459.24514685973304	847.1999480755309	6431.56707421932	6487.063735045798
9.42	460.2222641934772	848.1007457229471	6438.405531307066	6493.961199764066
9.44	461.1993815272213	849.0005876160836	6445.236732731297	6500.851346211195
9.46	462.17649886096547	849.899476790692	6452.060701538089	6507.7341976321295
9.48	463.1536161947095	850.7974162664863	6458.877460651776	6514.60977714901
9.5	464.1307335284536	851.6944090472622	6465.687032875849	6521.478107762093
9.52	465.1078508621977	852.5904581210146	6472.489440893841	6528.3392123506455
9.540000000000001	466.08496819594194	853.4855664600534	6479.284707270212	6535.1931136738285
9.56	467.062085529686	854.379737021118	6486.07285445122	6542.039834371585
9.58	468.03920286343015	855.2729727454922	6492.85390476579	6548.879396965513
9.6	469.01632019717414	856.1652765591161	6499.627880426365	6555.71182385972
9.620000000000001	469.99343753091836	857.0566513726993	6506.394803529763	6562.537137341696
9.64	470.97055486466246	857.9471000818297	6513.154696058006	6569.355359583139
9.66	471.9476721984066	858.8366255670852	6519.907579879168	6576.166512640818
9.68	472.9247895321506	859.725230694141	6526.653476748186	6582.97061845739
9.700000000000001	473.90190686589483	860.6129183138787	6533.39240830769	6589.767698862233
9.72	474.8790241996389	861.4996912624908	6540.124396088802	6596.557775572258
9.74	475.8561415333829	862.3855523615894	6546.849461511948	6603.340870192724
9.76	476.8332588671271	863.2705044183083	6553.567625887647	6610.117004218033
9.78	477.81037620087125	864.1545502254078	6560.2789104173025	6616.88619903253
9.8	478.78749353461535	865.0376925613782	6566.983336193978	6623.648475911289
9.82	479.7646108683595	865.9199341905406	6573.680924203179	6630.403856020892
9.84	480.7417282021035	866.801277863148	6580.371695323611	6637.152360420204
9.86	481.7188455358476	867.6817263154866	6587.05567032794	6643.894010061138
9.88	482.69596286959177	868.5612822699729	6593.732869883557	6650.628825789413
9.9	483.6730802033359	869.4399484352535	6600.403314553302	6657.356828345303
9.92	484.65019753708	870.3177275063015	6607.067024796221	6664.078038364393
9.94	485.6273148708241	871.1946221645135	6613.724020968289	6670.792476378305
9.96	486.6044322045683	872.0706350778049	6620.374323323141	6677.500162815437
9.98	487.58154953831246	872.9457689007048	6627.017952012783	6684.201118001684
10.	488.55866687205645	873.8200262744491	6633.654927088312	6690.895362161161