#volt	fcpow
0.000000000000000000e+00 0.000000000000000000e+00
2.000000000000000042e-03 0.000000000000000000e+00
1.387000000000000177e-01 1.000000000000000021e-02
2.754000000000000337e-01 2.000000000000000042e-02
4.120999999999999663e-01 2.999999999999999889e-02
5.488000000000000655e-01 4.000000000000000083e-02
6.854999999999999982e-01 5.000000000000000278e-02
8.221999999999999309e-01 5.999999999999999778e-02
9.589000000000000856e-01 7.000000000000000666e-02
1.095600000000000129e+00 8.000000000000000167e-02
1.232299999999999951e+00 8.999999999999999667e-02
1.368999999999999995e+00 1.000000000000000056e-01
1.505700000000000038e+00 1.100000000000000006e-01
1.642399999999999860e+00 1.199999999999999956e-01
1.779100000000000126e+00 1.300000000000000044e-01
1.915800000000000169e+00 1.400000000000000133e-01
2.052499999999999769e+00 1.499999999999999944e-01
2.189200000000000035e+00 1.600000000000000033e-01
2.325899999999999856e+00 1.700000000000000122e-01
2.462599999999999678e+00 1.799999999999999933e-01
2.599299999999999944e+00 1.900000000000000022e-01
2.735999999999999766e+00 2.000000000000000111e-01
2.872699999999999587e+00 2.099999999999999922e-01
3.009399999999999853e+00 2.200000000000000011e-01
3.146100000000000119e+00 2.300000000000000100e-01
3.282799999999999496e+00 2.399999999999999911e-01
3.419499999999999762e+00 2.500000000000000000e-01
3.556200000000000028e+00 2.600000000000000089e-01
3.692899999999999849e+00 2.700000000000000178e-01
3.829600000000000115e+00 2.800000000000000266e-01
3.966299999999999493e+00 2.899999999999999800e-01
4.102999999999999758e+00 2.999999999999999889e-01
4.239700000000000024e+00 3.099999999999999978e-01
4.376400000000000290e+00 3.200000000000000067e-01
4.513099999999999667e+00 3.300000000000000155e-01
4.649799999999999933e+00 3.400000000000000244e-01
4.786500000000000199e+00 3.500000000000000333e-01
4.869963999999999515e+00 3.599999999999999867e-01
4.873573999999999629e+00 3.699999999999999956e-01
4.877183999999999742e+00 3.800000000000000044e-01
4.880793999999998967e+00 3.900000000000000133e-01
4.884403999999999080e+00 4.000000000000000222e-01
4.888013999999999193e+00 4.100000000000000311e-01
4.891623999999999306e+00 4.199999999999999845e-01
4.895233999999999419e+00 4.299999999999999933e-01
4.898843999999999532e+00 4.400000000000000022e-01
4.902453999999999645e+00 4.500000000000000111e-01
4.906063999999998870e+00 4.600000000000000200e-01
4.909673999999998983e+00 4.700000000000000289e-01
4.913283999999999097e+00 4.799999999999999822e-01
4.916893999999999210e+00 4.899999999999999911e-01
4.920503999999999323e+00 5.000000000000000000e-01
4.924113999999999436e+00 5.100000000000000089e-01
4.927723999999999549e+00 5.200000000000000178e-01
4.931333999999999662e+00 5.300000000000000266e-01
4.934943999999998887e+00 5.400000000000000355e-01
4.938553999999999000e+00 5.500000000000000444e-01
4.942163999999999113e+00 5.600000000000000533e-01
4.945773999999999226e+00 5.700000000000000622e-01
4.949383999999999340e+00 5.799999999999999600e-01
4.952993999999999453e+00 5.899999999999999689e-01
4.956603999999999566e+00 5.999999999999999778e-01
4.960213999999999679e+00 6.099999999999999867e-01
4.963823999999998904e+00 6.199999999999999956e-01
4.967433999999999017e+00 6.300000000000000044e-01
4.971043999999999130e+00 6.400000000000000133e-01
4.974653999999999243e+00 6.500000000000000222e-01
4.978263999999999356e+00 6.600000000000000311e-01
4.981873999999999469e+00 6.700000000000000400e-01
4.985483999999999583e+00 6.800000000000000488e-01
4.989093999999999696e+00 6.900000000000000577e-01
4.992703999999998921e+00 7.000000000000000666e-01
4.996313999999999034e+00 7.099999999999999645e-01
4.999923999999999147e+00 7.199999999999999734e-01
5.003533999999999260e+00 7.299999999999999822e-01
5.007143999999999373e+00 7.399999999999999911e-01
5.010753999999999486e+00 7.500000000000000000e-01
5.014363999999999599e+00 7.600000000000000089e-01
5.017973999999999712e+00 7.700000000000000178e-01
5.021583999999998937e+00 7.800000000000000266e-01
5.025193999999999050e+00 7.900000000000000355e-01
5.028803999999999164e+00 8.000000000000000444e-01
5.032413999999999277e+00 8.100000000000000533e-01
5.036023999999999390e+00 8.200000000000000622e-01
5.039633999999999503e+00 8.300000000000000711e-01
5.043243999999999616e+00 8.399999999999999689e-01
5.046853999999999729e+00 8.499999999999999778e-01
5.050463999999998954e+00 8.599999999999999867e-01
5.054073999999999067e+00 8.699999999999999956e-01
5.057683999999999180e+00 8.800000000000000044e-01
5.061293999999999293e+00 8.900000000000000133e-01
5.064903999999999407e+00 9.000000000000000222e-01
5.068513999999999520e+00 9.100000000000000311e-01
5.072123999999999633e+00 9.200000000000000400e-01
5.075733999999998858e+00 9.300000000000000488e-01
5.079343999999998971e+00 9.400000000000000577e-01
5.082953999999999084e+00 9.500000000000000666e-01
5.086563999999999197e+00 9.599999999999999645e-01
5.090173999999999310e+00 9.699999999999999734e-01
5.093783999999999423e+00 9.799999999999999822e-01
5.097393999999999536e+00 9.899999999999999911e-01
5.101003999999999650e+00 1.000000000000000000e+00
5.104613999999998875e+00 1.010000000000000009e+00
5.108223999999998988e+00 1.020000000000000018e+00
5.111833999999999101e+00 1.030000000000000027e+00
5.115443999999999214e+00 1.040000000000000036e+00
5.119053999999999327e+00 1.050000000000000044e+00
5.122663999999999440e+00 1.060000000000000053e+00
5.126273999999999553e+00 1.070000000000000062e+00
5.129883999999999666e+00 1.080000000000000071e+00
5.133493999999998891e+00 1.090000000000000080e+00
5.137103999999999004e+00 1.100000000000000089e+00
5.140713999999999118e+00 1.110000000000000098e+00
5.144323999999999231e+00 1.120000000000000107e+00
5.147933999999999344e+00 1.130000000000000115e+00
5.151543999999999457e+00 1.140000000000000124e+00
5.155153999999999570e+00 1.150000000000000133e+00
5.158763999999999683e+00 1.159999999999999920e+00
5.162373999999998908e+00 1.169999999999999929e+00
5.165983999999999021e+00 1.179999999999999938e+00
5.169593999999999134e+00 1.189999999999999947e+00
5.173203999999999247e+00 1.199999999999999956e+00
5.176813999999999361e+00 1.209999999999999964e+00
5.180423999999999474e+00 1.219999999999999973e+00
5.184033999999999587e+00 1.229999999999999982e+00
5.187643999999999700e+00 1.239999999999999991e+00
5.191253999999998925e+00 1.250000000000000000e+00
5.194863999999999038e+00 1.260000000000000009e+00
5.198473999999999151e+00 1.270000000000000018e+00
5.202083999999999264e+00 1.280000000000000027e+00
5.205693999999999377e+00 1.290000000000000036e+00
5.209303999999999490e+00 1.300000000000000044e+00
5.212913999999999604e+00 1.310000000000000053e+00
5.216523999999999717e+00 1.320000000000000062e+00
5.220133999999998942e+00 1.330000000000000071e+00
5.223743999999999055e+00 1.340000000000000080e+00
5.227353999999999168e+00 1.350000000000000089e+00
5.230963999999999281e+00 1.360000000000000098e+00
5.234573999999999394e+00 1.370000000000000107e+00
5.238183999999999507e+00 1.380000000000000115e+00
5.241793999999999620e+00 1.390000000000000124e+00
5.245403999999998845e+00 1.400000000000000133e+00
5.249013999999998958e+00 1.409999999999999920e+00
5.252623999999999072e+00 1.419999999999999929e+00
5.256233999999999185e+00 1.429999999999999938e+00
5.259843999999999298e+00 1.439999999999999947e+00
5.263453999999999411e+00 1.449999999999999956e+00
5.267063999999999524e+00 1.459999999999999964e+00
5.270673999999999637e+00 1.469999999999999973e+00
5.274283999999999750e+00 1.479999999999999982e+00
5.277893999999998975e+00 1.489999999999999991e+00
5.281503999999999088e+00 1.500000000000000000e+00
5.285113999999999201e+00 1.510000000000000009e+00
5.288723999999999315e+00 1.520000000000000018e+00
5.292333999999999428e+00 1.530000000000000027e+00
5.295943999999999541e+00 1.540000000000000036e+00
5.299553999999999654e+00 1.550000000000000044e+00
5.303163999999998879e+00 1.560000000000000053e+00
5.306773999999998992e+00 1.570000000000000062e+00
5.310383999999999105e+00 1.580000000000000071e+00
5.313993999999999218e+00 1.590000000000000080e+00
5.317603999999999331e+00 1.600000000000000089e+00
5.321213999999999444e+00 1.610000000000000098e+00
5.324823999999999558e+00 1.620000000000000107e+00
5.328433999999999671e+00 1.630000000000000115e+00
5.332043999999999784e+00 1.640000000000000124e+00
5.335653999999999009e+00 1.650000000000000133e+00
5.339263999999999122e+00 1.660000000000000142e+00
5.342873999999999235e+00 1.669999999999999929e+00
5.346483999999999348e+00 1.679999999999999938e+00
5.350093999999999461e+00 1.689999999999999947e+00
5.353703999999999574e+00 1.699999999999999956e+00
5.357313999999999687e+00 1.709999999999999964e+00
5.360923999999998912e+00 1.719999999999999973e+00
5.364533999999999025e+00 1.729999999999999982e+00
5.368143999999999139e+00 1.739999999999999991e+00
5.371753999999999252e+00 1.750000000000000000e+00
5.375363999999999365e+00 1.760000000000000009e+00
5.378973999999999478e+00 1.770000000000000018e+00
5.382583999999999591e+00 1.780000000000000027e+00
5.386193999999999704e+00 1.790000000000000036e+00
5.389803999999998929e+00 1.800000000000000044e+00
5.393413999999999042e+00 1.810000000000000053e+00
5.397023999999999155e+00 1.820000000000000062e+00
5.400633999999999268e+00 1.830000000000000071e+00
5.404243999999999382e+00 1.840000000000000080e+00
5.407853999999999495e+00 1.850000000000000089e+00
5.411463999999999608e+00 1.860000000000000098e+00
5.415073999999999721e+00 1.870000000000000107e+00
5.418683999999998946e+00 1.880000000000000115e+00
5.422293999999999059e+00 1.890000000000000124e+00
5.425903999999999172e+00 1.900000000000000133e+00
5.429513999999999285e+00 1.910000000000000142e+00
5.433123999999999398e+00 1.919999999999999929e+00
5.436733999999999511e+00 1.929999999999999938e+00
5.440343999999999625e+00 1.939999999999999947e+00
5.443953999999998850e+00 1.949999999999999956e+00
5.447563999999998963e+00 1.959999999999999964e+00
5.451173999999999076e+00 1.969999999999999973e+00
5.454783999999999189e+00 1.979999999999999982e+00
5.458393999999999302e+00 1.989999999999999991e+00
5.462003999999999415e+00 2.000000000000000000e+00
5.465613999999999528e+00 2.010000000000000231e+00
5.469223999999999641e+00 2.020000000000000018e+00
5.472833999999999754e+00 2.030000000000000249e+00
5.476443999999998979e+00 2.040000000000000036e+00
5.480053999999999093e+00 2.049999999999999822e+00
5.483663999999999206e+00 2.060000000000000053e+00
5.487273999999999319e+00 2.069999999999999840e+00
5.490883999999999432e+00 2.080000000000000071e+00
5.494493999999999545e+00 2.089999999999999858e+00
5.498103999999999658e+00 2.100000000000000089e+00
5.501713999999999771e+00 2.109999999999999876e+00
5.505323999999998996e+00 2.120000000000000107e+00
5.508933999999999109e+00 2.129999999999999893e+00
5.512543999999999222e+00 2.140000000000000124e+00
5.516153999999999336e+00 2.149999999999999911e+00
5.519763999999999449e+00 2.160000000000000142e+00
5.523373999999999562e+00 2.169999999999999929e+00
5.526983999999999675e+00 2.180000000000000160e+00
5.530593999999998900e+00 2.189999999999999947e+00
5.534203999999999013e+00 2.200000000000000178e+00
5.537813999999999126e+00 2.209999999999999964e+00
5.541423999999999239e+00 2.220000000000000195e+00
5.545033999999999352e+00 2.229999999999999982e+00
5.548643999999999465e+00 2.240000000000000213e+00
5.552253999999999579e+00 2.250000000000000000e+00
5.555863999999999692e+00 2.260000000000000231e+00
5.559473999999999805e+00 2.270000000000000018e+00
5.563083999999999030e+00 2.280000000000000249e+00
5.566693999999999143e+00 2.290000000000000036e+00
5.570303999999999256e+00 2.300000000000000266e+00
5.573913999999999369e+00 2.310000000000000053e+00
5.577523999999999482e+00 2.319999999999999840e+00
5.581133999999999595e+00 2.330000000000000071e+00
5.584743999999998820e+00 2.339999999999999858e+00
5.588353999999998933e+00 2.350000000000000089e+00
5.591963999999999047e+00 2.359999999999999876e+00
5.595573999999999160e+00 2.370000000000000107e+00
5.599183999999999273e+00 2.379999999999999893e+00
5.602793999999999386e+00 2.390000000000000124e+00
5.606403999999999499e+00 2.399999999999999911e+00
5.610013999999999612e+00 2.410000000000000142e+00
5.613623999999999725e+00 2.419999999999999929e+00
5.617233999999999838e+00 2.430000000000000160e+00
5.620843999999999063e+00 2.439999999999999947e+00
5.624453999999999176e+00 2.450000000000000178e+00
5.628063999999999290e+00 2.459999999999999964e+00
5.631673999999999403e+00 2.470000000000000195e+00
5.635283999999999516e+00 2.479999999999999982e+00
5.638893999999999629e+00 2.490000000000000213e+00
5.642503999999998854e+00 2.500000000000000000e+00
5.646113999999998967e+00 2.510000000000000231e+00
5.649723999999999080e+00 2.520000000000000018e+00
5.653333999999999193e+00 2.530000000000000249e+00
5.656943999999999306e+00 2.540000000000000036e+00
5.660553999999999419e+00 2.550000000000000266e+00
5.664163999999999533e+00 2.560000000000000053e+00
5.667773999999999646e+00 2.569999999999999840e+00
5.671383999999999759e+00 2.580000000000000071e+00
5.674993999999998984e+00 2.589999999999999858e+00
5.678603999999999097e+00 2.600000000000000089e+00
5.682213999999999210e+00 2.609999999999999876e+00
5.685823999999999323e+00 2.620000000000000107e+00
5.689433999999999436e+00 2.629999999999999893e+00
5.693043999999999549e+00 2.640000000000000124e+00
5.696653999999999662e+00 2.649999999999999911e+00
5.700263999999998887e+00 2.660000000000000142e+00
5.703873999999999000e+00 2.669999999999999929e+00
5.707483999999999114e+00 2.680000000000000160e+00
5.711093999999999227e+00 2.689999999999999947e+00
5.714703999999999340e+00 2.700000000000000178e+00
5.718313999999999453e+00 2.709999999999999964e+00
5.721923999999999566e+00 2.720000000000000195e+00
5.725533999999999679e+00 2.729999999999999982e+00
5.729143999999999792e+00 2.740000000000000213e+00
5.732753999999999017e+00 2.750000000000000000e+00
5.736363999999999130e+00 2.760000000000000231e+00
5.739973999999999243e+00 2.770000000000000018e+00
5.743583999999999357e+00 2.780000000000000249e+00
5.747193999999999470e+00 2.790000000000000036e+00
5.750803999999999583e+00 2.800000000000000266e+00
5.754413999999999696e+00 2.810000000000000053e+00
5.758023999999998921e+00 2.819999999999999840e+00
5.761633999999999034e+00 2.830000000000000071e+00
5.765243999999999147e+00 2.839999999999999858e+00
5.768853999999999260e+00 2.850000000000000089e+00
5.772463999999999373e+00 2.859999999999999876e+00
5.776073999999999486e+00 2.870000000000000107e+00
5.779683999999999600e+00 2.879999999999999893e+00
5.783293999999999713e+00 2.890000000000000124e+00
5.786903999999998938e+00 2.899999999999999911e+00
5.790513999999999051e+00 2.910000000000000142e+00
5.794123999999999164e+00 2.919999999999999929e+00
5.797733999999999277e+00 2.930000000000000160e+00
5.801343999999999390e+00 2.939999999999999947e+00
5.804953999999999503e+00 2.950000000000000178e+00
5.808563999999999616e+00 2.959999999999999964e+00
5.812173999999999729e+00 2.970000000000000195e+00
5.815783999999998954e+00 2.979999999999999982e+00
5.819393999999999068e+00 2.990000000000000213e+00
5.823003999999999181e+00 3.000000000000000000e+00
5.826613999999999294e+00 3.010000000000000231e+00
5.830223999999999407e+00 3.020000000000000018e+00
5.833833999999999520e+00 3.030000000000000249e+00
5.837443999999999633e+00 3.040000000000000036e+00
5.841053999999999746e+00 3.050000000000000266e+00
5.844663999999998971e+00 3.060000000000000053e+00
5.848273999999999084e+00 3.070000000000000284e+00
5.851883999999999197e+00 3.080000000000000071e+00
5.855493999999999311e+00 3.089999999999999858e+00
5.859103999999999424e+00 3.100000000000000089e+00
5.862713999999999537e+00 3.109999999999999876e+00
5.866323999999999650e+00 3.120000000000000107e+00
5.869933999999998875e+00 3.129999999999999893e+00
5.873543999999998988e+00 3.140000000000000124e+00
5.877153999999999101e+00 3.149999999999999911e+00
5.880763999999999214e+00 3.160000000000000142e+00
5.884373999999999327e+00 3.169999999999999929e+00
5.887983999999999440e+00 3.180000000000000160e+00
5.891593999999999554e+00 3.189999999999999947e+00
5.895203999999999667e+00 3.200000000000000178e+00
5.898813999999999780e+00 3.209999999999999964e+00
5.902423999999999893e+00 3.220000000000000195e+00
5.906033999999999118e+00 3.229999999999999982e+00
5.909643999999999231e+00 3.240000000000000213e+00
5.913253999999999344e+00 3.250000000000000000e+00
5.916863999999999457e+00 3.260000000000000231e+00
5.920473999999999570e+00 3.270000000000000018e+00
5.924083999999999683e+00 3.280000000000000249e+00
5.927693999999998908e+00 3.290000000000000036e+00
5.931303999999999021e+00 3.300000000000000266e+00
5.934913999999999135e+00 3.310000000000000053e+00
5.938523999999999248e+00 3.320000000000000284e+00
5.942133999999999361e+00 3.330000000000000071e+00
5.945743999999999474e+00 3.339999999999999858e+00
5.949353999999999587e+00 3.350000000000000089e+00
5.952963999999999700e+00 3.359999999999999876e+00
5.956573999999999813e+00 3.370000000000000107e+00
5.960183999999999038e+00 3.379999999999999893e+00
5.963793999999999151e+00 3.390000000000000124e+00
5.967403999999999265e+00 3.399999999999999911e+00
5.971013999999999378e+00 3.410000000000000142e+00
5.974623999999999491e+00 3.419999999999999929e+00
5.978233999999999604e+00 3.430000000000000160e+00
5.981843999999998829e+00 3.439999999999999947e+00
5.985453999999998942e+00 3.450000000000000178e+00
5.989063999999999055e+00 3.459999999999999964e+00
5.992673999999999168e+00 3.470000000000000195e+00
5.996283999999999281e+00 3.479999999999999982e+00
5.999893999999999394e+00 3.490000000000000213e+00
6.003503999999999508e+00 3.500000000000000000e+00
6.007113999999999621e+00 3.510000000000000231e+00
6.010723999999999734e+00 3.520000000000000018e+00
6.014333999999999847e+00 3.530000000000000249e+00
6.017943999999999072e+00 3.540000000000000036e+00
6.021553999999999185e+00 3.550000000000000266e+00
6.025163999999999298e+00 3.560000000000000053e+00
6.028773999999999411e+00 3.570000000000000284e+00
6.032383999999999524e+00 3.580000000000000071e+00
6.035993999999998749e+00 3.589999999999999858e+00
6.039603999999998862e+00 3.600000000000000089e+00
6.043213999999998975e+00 3.609999999999999876e+00
6.046823999999999089e+00 3.620000000000000107e+00
6.050433999999999202e+00 3.629999999999999893e+00
6.054043999999999315e+00 3.640000000000000124e+00
6.057653999999999428e+00 3.649999999999999911e+00
6.061263999999999541e+00 3.660000000000000142e+00
6.064873999999999654e+00 3.669999999999999929e+00
6.068483999999999767e+00 3.680000000000000160e+00
6.072093999999998992e+00 3.689999999999999947e+00
6.075703999999999105e+00 3.700000000000000178e+00
6.079313999999999218e+00 3.709999999999999964e+00
6.082923999999999332e+00 3.720000000000000195e+00
6.086533999999999445e+00 3.729999999999999982e+00
6.090143999999999558e+00 3.740000000000000213e+00
6.093753999999998783e+00 3.750000000000000000e+00
6.097363999999998896e+00 3.760000000000000231e+00
6.100973999999999009e+00 3.770000000000000018e+00
6.104583999999999122e+00 3.780000000000000249e+00
6.108193999999999235e+00 3.790000000000000036e+00
6.111803999999999348e+00 3.800000000000000266e+00
6.115413999999999461e+00 3.810000000000000053e+00
6.119023999999999575e+00 3.820000000000000284e+00
6.122633999999999688e+00 3.830000000000000071e+00
6.126243999999998913e+00 3.839999999999999858e+00
6.129853999999999026e+00 3.850000000000000089e+00
6.133463999999999139e+00 3.859999999999999876e+00
6.137073999999999252e+00 3.870000000000000107e+00
6.140683999999999365e+00 3.879999999999999893e+00
6.144293999999999478e+00 3.890000000000000124e+00
6.147903999999999591e+00 3.899999999999999911e+00
6.151513999999998816e+00 3.910000000000000142e+00
6.155123999999998929e+00 3.919999999999999929e+00
6.158733999999999043e+00 3.930000000000000160e+00
6.162343999999999156e+00 3.939999999999999947e+00
6.165953999999999269e+00 3.950000000000000178e+00
6.169563999999999382e+00 3.959999999999999964e+00
6.173173999999999495e+00 3.970000000000000195e+00
6.176783999999999608e+00 3.979999999999999982e+00
6.180393999999999721e+00 3.990000000000000213e+00
6.184003999999999834e+00 4.000000000000000000e+00
6.187613999999999059e+00 4.009999999999999787e+00
6.191223999999999172e+00 4.020000000000000462e+00
6.194833999999999286e+00 4.030000000000000249e+00
6.198443999999999399e+00 4.040000000000000036e+00
6.202053999999999512e+00 4.049999999999999822e+00
6.205663999999999625e+00 4.060000000000000497e+00
6.209273999999998850e+00 4.070000000000000284e+00
6.212883999999998963e+00 4.080000000000000071e+00
6.216493999999999076e+00 4.089999999999999858e+00
6.220103999999999189e+00 4.099999999999999645e+00
6.223713999999999302e+00 4.110000000000000320e+00
6.227323999999999415e+00 4.120000000000000107e+00
6.230933999999999529e+00 4.129999999999999893e+00
6.234543999999999642e+00 4.139999999999999680e+00
6.238153999999999755e+00 4.150000000000000355e+00
6.241763999999999868e+00 4.160000000000000142e+00
6.245373999999999093e+00 4.169999999999999929e+00
6.248983999999999206e+00 4.179999999999999716e+00
6.252593999999999319e+00 4.190000000000000391e+00
6.256203999999999432e+00 4.200000000000000178e+00
6.259813999999999545e+00 4.209999999999999964e+00
6.263423999999998770e+00 4.219999999999999751e+00
6.267033999999999772e+00 4.230000000000000426e+00
6.270643999999998996e+00 4.240000000000000213e+00
6.274253999999999110e+00 4.250000000000000000e+00
6.277863999999999223e+00 4.259999999999999787e+00
6.281473999999999336e+00 4.270000000000000462e+00
6.285083999999999449e+00 4.280000000000000249e+00
6.288693999999999562e+00 4.290000000000000036e+00
6.292303999999999675e+00 4.299999999999999822e+00
6.295913999999999788e+00 4.310000000000000497e+00
6.299523999999999901e+00 4.320000000000000284e+00
6.303133999999999126e+00 4.330000000000000071e+00
6.306743999999999239e+00 4.339999999999999858e+00
6.310353999999999353e+00 4.350000000000000533e+00
6.313963999999999466e+00 4.360000000000000320e+00
6.317573999999999579e+00 4.370000000000000107e+00
6.321183999999998804e+00 4.379999999999999893e+00
6.324793999999998917e+00 4.389999999999999680e+00
6.328403999999999030e+00 4.400000000000000355e+00
6.332013999999999143e+00 4.410000000000000142e+00
6.335623999999999256e+00 4.419999999999999929e+00
6.339233999999999369e+00 4.429999999999999716e+00
6.342843999999999482e+00 4.440000000000000391e+00
6.346453999999999596e+00 4.450000000000000178e+00
6.350063999999999709e+00 4.459999999999999964e+00
6.353673999999998934e+00 4.469999999999999751e+00
6.357283999999999935e+00 4.480000000000000426e+00
6.360893999999999160e+00 4.490000000000000213e+00
6.364503999999999273e+00 4.500000000000000000e+00
6.368113999999999386e+00 4.509999999999999787e+00
6.371723999999999499e+00 4.520000000000000462e+00
6.375333999999999612e+00 4.530000000000000249e+00
6.378943999999998837e+00 4.540000000000000036e+00
6.382553999999998950e+00 4.549999999999999822e+00
6.386163999999999064e+00 4.560000000000000497e+00
6.389773999999999177e+00 4.570000000000000284e+00
6.393383999999999290e+00 4.580000000000000071e+00
6.396993999999999403e+00 4.589999999999999858e+00
6.400603999999999516e+00 4.600000000000000533e+00
6.404213999999999629e+00 4.610000000000000320e+00
6.407823999999999742e+00 4.620000000000000107e+00
6.411433999999998967e+00 4.629999999999999893e+00
6.415043999999999080e+00 4.639999999999999680e+00
6.418653999999999193e+00 4.650000000000000355e+00
6.422263999999999307e+00 4.660000000000000142e+00
6.425873999999999420e+00 4.669999999999999929e+00
6.429483999999998645e+00 4.679999999999999716e+00
6.433093999999999646e+00 4.690000000000000391e+00
6.436703999999998871e+00 4.700000000000000178e+00
6.440313999999998984e+00 4.709999999999999964e+00
6.443923999999999097e+00 4.719999999999999751e+00
6.447533999999999210e+00 4.730000000000000426e+00
6.451143999999999323e+00 4.740000000000000213e+00
6.454753999999999436e+00 4.750000000000000000e+00
6.458363999999999550e+00 4.759999999999999787e+00
6.461973999999999663e+00 4.770000000000000462e+00
6.465583999999999776e+00 4.780000000000000249e+00
6.469193999999999001e+00 4.790000000000000036e+00
6.472803999999999114e+00 4.799999999999999822e+00
6.476413999999999227e+00 4.810000000000000497e+00
6.480023999999999340e+00 4.820000000000000284e+00
6.483633999999999453e+00 4.830000000000000071e+00
6.487243999999998678e+00 4.839999999999999858e+00
6.490853999999999679e+00 4.850000000000000533e+00
6.494463999999998904e+00 4.860000000000000320e+00
6.498073999999999018e+00 4.870000000000000107e+00
6.501683999999999131e+00 4.879999999999999893e+00
6.505293999999999244e+00 4.889999999999999680e+00
6.508903999999999357e+00 4.900000000000000355e+00
6.512513999999999470e+00 4.910000000000000142e+00
6.516123999999999583e+00 4.919999999999999929e+00
6.519733999999999696e+00 4.929999999999999716e+00
6.523343999999999809e+00 4.940000000000000391e+00
6.526953999999999034e+00 4.950000000000000178e+00
6.530563999999999147e+00 4.959999999999999964e+00
6.534173999999999261e+00 4.969999999999999751e+00
6.537783999999999374e+00 4.980000000000000426e+00
6.541393999999999487e+00 4.990000000000000213e+00
6.545003999999999600e+00 5.000000000000000000e+00
6.548613999999998825e+00 5.009999999999999787e+00
6.552223999999998938e+00 5.020000000000000462e+00
6.555833999999999051e+00 5.030000000000000249e+00
6.559443999999999164e+00 5.040000000000000036e+00
6.563053999999999277e+00 5.049999999999999822e+00
6.566663999999999390e+00 5.060000000000000497e+00
6.570273999999999504e+00 5.070000000000000284e+00
6.573883999999999617e+00 5.080000000000000071e+00
6.577493999999999730e+00 5.089999999999999858e+00
6.581103999999999843e+00 5.100000000000000533e+00
6.584713999999999068e+00 5.110000000000000320e+00
6.588323999999999181e+00 5.120000000000000107e+00
6.591933999999999294e+00 5.129999999999999893e+00
6.595543999999999407e+00 5.139999999999999680e+00
6.599153999999999520e+00 5.150000000000000355e+00
6.602763999999999633e+00 5.160000000000000142e+00
6.606373999999998858e+00 5.169999999999999929e+00
6.609983999999998971e+00 5.179999999999999716e+00
6.613593999999999085e+00 5.190000000000000391e+00
6.617203999999999198e+00 5.200000000000000178e+00
6.620813999999999311e+00 5.209999999999999964e+00
6.624423999999999424e+00 5.219999999999999751e+00
6.628033999999999537e+00 5.230000000000000426e+00
6.631643999999999650e+00 5.240000000000000213e+00
6.635253999999999763e+00 5.250000000000000000e+00
6.638863999999998988e+00 5.259999999999999787e+00
6.642473999999999990e+00 5.270000000000000462e+00
6.646083999999999214e+00 5.280000000000000249e+00
6.649693999999999328e+00 5.290000000000000036e+00
6.653303999999999441e+00 5.299999999999999822e+00
6.656913999999999554e+00 5.310000000000000497e+00
6.660523999999999667e+00 5.320000000000000284e+00
6.664133999999998892e+00 5.330000000000000071e+00
6.667743999999999005e+00 5.339999999999999858e+00
6.671353999999999118e+00 5.350000000000000533e+00
6.674963999999999231e+00 5.360000000000000320e+00
6.678573999999999344e+00 5.370000000000000107e+00
6.682183999999999457e+00 5.379999999999999893e+00
6.685793999999999571e+00 5.389999999999999680e+00
6.689403999999999684e+00 5.400000000000000355e+00
6.693013999999999797e+00 5.410000000000000142e+00
6.696623999999999022e+00 5.419999999999999929e+00
6.700233999999999135e+00 5.429999999999999716e+00
6.703843999999999248e+00 5.440000000000000391e+00
6.707453999999999361e+00 5.450000000000000178e+00
6.711063999999999474e+00 5.459999999999999964e+00
6.714673999999998699e+00 5.469999999999999751e+00
6.718283999999999700e+00 5.480000000000000426e+00
6.721893999999998925e+00 5.490000000000000213e+00
6.725503999999999039e+00 5.500000000000000000e+00
6.729113999999999152e+00 5.509999999999999787e+00
6.732723999999999265e+00 5.520000000000000462e+00
6.736333999999999378e+00 5.530000000000000249e+00
6.739943999999999491e+00 5.540000000000000036e+00
6.743553999999999604e+00 5.549999999999999822e+00
6.747163999999999717e+00 5.560000000000000497e+00
6.750773999999999830e+00 5.570000000000000284e+00
6.754383999999999055e+00 5.580000000000000071e+00
6.757993999999999168e+00 5.589999999999999858e+00
6.761603999999999282e+00 5.600000000000000533e+00
6.765213999999999395e+00 5.610000000000000320e+00
6.768823999999999508e+00 5.620000000000000107e+00
6.772433999999998733e+00 5.629999999999999893e+00
6.776043999999998846e+00 5.639999999999999680e+00
6.779653999999998959e+00 5.650000000000000355e+00
6.783263999999999072e+00 5.660000000000000142e+00
6.786873999999999185e+00 5.669999999999999929e+00
6.790483999999999298e+00 5.679999999999999716e+00
6.794093999999999411e+00 5.690000000000000391e+00
6.797703999999999525e+00 5.700000000000000178e+00
6.801313999999999638e+00 5.709999999999999964e+00
6.804923999999998863e+00 5.719999999999999751e+00
6.808533999999999864e+00 5.730000000000000426e+00
6.812143999999999089e+00 5.740000000000000213e+00
6.815753999999999202e+00 5.750000000000000000e+00
6.819363999999999315e+00 5.759999999999999787e+00
6.822973999999999428e+00 5.770000000000000462e+00
6.826583999999999541e+00 5.780000000000000249e+00
6.830193999999998766e+00 5.790000000000000036e+00
6.833803999999998879e+00 5.799999999999999822e+00
6.837413999999998993e+00 5.810000000000000497e+00
6.841023999999999106e+00 5.820000000000000284e+00
6.844633999999999219e+00 5.830000000000000071e+00
6.848243999999999332e+00 5.839999999999999858e+00
6.851853999999999445e+00 5.850000000000000533e+00
6.855463999999999558e+00 5.860000000000000320e+00
6.859073999999999671e+00 5.870000000000000107e+00
6.862683999999999784e+00 5.879999999999999893e+00
6.866293999999999009e+00 5.889999999999999680e+00
6.869904000000000011e+00 5.900000000000000355e+00
6.873513999999999236e+00 5.910000000000000142e+00
6.877123999999999349e+00 5.919999999999999929e+00
6.880733999999998574e+00 5.929999999999999716e+00
6.884343999999999575e+00 5.940000000000000391e+00
6.887953999999998800e+00 5.950000000000000178e+00
6.891563999999998913e+00 5.959999999999999964e+00
6.895173999999999026e+00 5.969999999999999751e+00
6.898783999999999139e+00 5.980000000000000426e+00
6.902393999999999252e+00 5.990000000000000213e+00
6.906003999999999365e+00 6.000000000000000000e+00
6.909613999999999479e+00 6.009999999999999787e+00
6.913223999999999592e+00 6.020000000000000462e+00
6.916833999999999705e+00 6.030000000000000249e+00
6.920443999999999818e+00 6.040000000000000036e+00
6.924053999999999043e+00 6.049999999999999822e+00
6.927664000000000044e+00 6.060000000000000497e+00
6.931273999999999269e+00 6.070000000000000284e+00
6.934883999999999382e+00 6.080000000000000071e+00
6.938493999999998607e+00 6.089999999999999858e+00
6.942103999999999608e+00 6.100000000000000533e+00
6.945713999999998833e+00 6.110000000000000320e+00
6.949323999999998946e+00 6.120000000000000107e+00
6.952933999999999060e+00 6.129999999999999893e+00
6.956543999999999173e+00 6.140000000000000568e+00
6.960153999999999286e+00 6.150000000000000355e+00
6.963763999999999399e+00 6.160000000000000142e+00
6.967373999999999512e+00 6.169999999999999929e+00
6.970983999999999625e+00 6.179999999999999716e+00
6.974593999999999738e+00 6.190000000000000391e+00
6.978203999999999851e+00 6.200000000000000178e+00
6.981813999999999076e+00 6.209999999999999964e+00
6.985423999999999189e+00 6.219999999999999751e+00
6.989033999999999303e+00 6.230000000000000426e+00
6.992643999999999416e+00 6.240000000000000213e+00
6.996253999999998641e+00 6.250000000000000000e+00
6.999863999999998754e+00 6.259999999999999787e+00
7.003473999999998867e+00 6.270000000000000462e+00
7.007083999999998980e+00 6.280000000000000249e+00
7.010693999999999093e+00 6.290000000000000036e+00
7.014303999999999206e+00 6.299999999999999822e+00
7.017913999999999319e+00 6.310000000000000497e+00
7.021523999999999432e+00 6.320000000000000284e+00
7.025133999999999546e+00 6.330000000000000071e+00
7.028743999999999659e+00 6.339999999999999858e+00
7.032353999999999772e+00 6.350000000000000533e+00
7.035963999999999885e+00 6.360000000000000320e+00
7.039573999999999110e+00 6.370000000000000107e+00
7.043183999999999223e+00 6.379999999999999893e+00
7.046793999999999336e+00 6.390000000000000568e+00
7.050403999999999449e+00 6.400000000000000355e+00
7.054013999999998674e+00 6.410000000000000142e+00
7.057623999999998787e+00 6.419999999999999929e+00
7.061233999999998900e+00 6.429999999999999716e+00
7.064843999999999014e+00 6.440000000000000391e+00
7.068453999999999127e+00 6.450000000000000178e+00
7.072063999999999240e+00 6.459999999999999964e+00
7.075673999999999353e+00 6.469999999999999751e+00
7.079283999999999466e+00 6.480000000000000426e+00
7.082893999999999579e+00 6.490000000000000213e+00
7.086503999999999692e+00 6.500000000000000000e+00
7.090113999999999805e+00 6.509999999999999787e+00
7.093723999999999918e+00 6.520000000000000462e+00
7.097333999999999143e+00 6.530000000000000249e+00
7.100943999999999257e+00 6.540000000000000036e+00
7.104553999999999370e+00 6.549999999999999822e+00
7.108163999999999483e+00 6.560000000000000497e+00
7.111773999999998708e+00 6.570000000000000284e+00
7.115383999999998821e+00 6.580000000000000071e+00
7.118993999999998934e+00 6.589999999999999858e+00
7.122603999999999047e+00 6.600000000000000533e+00
7.126213999999999160e+00 6.610000000000000320e+00
7.129823999999999273e+00 6.620000000000000107e+00
7.133433999999999386e+00 6.629999999999999893e+00
7.137043999999999500e+00 6.640000000000000568e+00
7.140653999999999613e+00 6.650000000000000355e+00
7.144263999999999726e+00 6.660000000000000142e+00
7.147873999999999839e+00 6.669999999999999929e+00
7.151483999999999064e+00 6.679999999999999716e+00
7.155094000000000065e+00 6.690000000000000391e+00
7.158703999999999290e+00 6.700000000000000178e+00
7.162313999999999403e+00 6.709999999999999964e+00
7.165923999999998628e+00 6.719999999999999751e+00
7.169533999999999629e+00 6.730000000000000426e+00
7.173143999999998854e+00 6.740000000000000213e+00
7.176753999999998967e+00 6.750000000000000000e+00
7.180363999999999081e+00 6.759999999999999787e+00
7.183973999999999194e+00 6.770000000000000462e+00
7.187583999999999307e+00 6.780000000000000249e+00
7.191193999999999420e+00 6.790000000000000036e+00
7.194803999999999533e+00 6.799999999999999822e+00
7.198413999999999646e+00 6.810000000000000497e+00
7.202023999999999759e+00 6.820000000000000284e+00
7.205633999999999872e+00 6.830000000000000071e+00
7.209243999999999097e+00 6.839999999999999858e+00
7.212854000000000099e+00 6.850000000000000533e+00
7.216463999999999324e+00 6.860000000000000320e+00
7.220073999999999437e+00 6.870000000000000107e+00
7.223683999999998662e+00 6.879999999999999893e+00
7.227293999999999663e+00 6.890000000000000568e+00
7.230903999999998888e+00 6.900000000000000355e+00
7.234513999999999001e+00 6.910000000000000142e+00
7.238123999999999114e+00 6.919999999999999929e+00
7.241733999999999227e+00 6.929999999999999716e+00
7.245343999999999340e+00 6.940000000000000391e+00
7.248953999999999454e+00 6.950000000000000178e+00
7.252563999999999567e+00 6.959999999999999964e+00
7.256173999999999680e+00 6.969999999999999751e+00
7.259783999999999793e+00 6.980000000000000426e+00
7.263393999999999906e+00 6.990000000000000213e+00
7.267003999999999131e+00 7.000000000000000000e+00
7.270613999999999244e+00 7.009999999999999787e+00
7.274223999999999357e+00 7.020000000000000462e+00
7.277833999999999470e+00 7.030000000000000249e+00
7.281443999999998695e+00 7.040000000000000036e+00
7.285053999999998808e+00 7.049999999999999822e+00
7.288663999999998921e+00 7.060000000000000497e+00
7.292273999999999035e+00 7.070000000000000284e+00
7.295883999999999148e+00 7.080000000000000071e+00
7.299493999999999261e+00 7.089999999999999858e+00
7.303103999999999374e+00 7.100000000000000533e+00
7.306713999999999487e+00 7.110000000000000320e+00
7.310323999999999600e+00 7.120000000000000107e+00
7.313933999999999713e+00 7.129999999999999893e+00
7.317543999999999826e+00 7.140000000000000568e+00
7.321153999999999940e+00 7.150000000000000355e+00
7.324763999999999164e+00 7.160000000000000142e+00
7.328373999999999278e+00 7.169999999999999929e+00
7.331983999999998503e+00 7.179999999999999716e+00
7.335593999999999504e+00 7.190000000000000391e+00
7.339203999999998729e+00 7.200000000000000178e+00
7.342813999999998842e+00 7.209999999999999964e+00
7.346423999999998955e+00 7.219999999999999751e+00
7.350033999999999068e+00 7.230000000000000426e+00
7.353643999999999181e+00 7.240000000000000213e+00
7.357253999999999294e+00 7.250000000000000000e+00
7.360863999999999407e+00 7.259999999999999787e+00
7.364473999999999521e+00 7.270000000000000462e+00
7.368083999999999634e+00 7.280000000000000249e+00
7.371693999999999747e+00 7.290000000000000036e+00
7.375303999999998972e+00 7.299999999999999822e+00
7.378913999999999973e+00 7.310000000000000497e+00
7.382523999999999198e+00 7.320000000000000284e+00
7.386133999999999311e+00 7.330000000000000071e+00
7.389743999999998536e+00 7.339999999999999858e+00
7.393353999999999537e+00 7.350000000000000533e+00
7.396963999999998762e+00 7.360000000000000320e+00
7.400573999999998875e+00 7.370000000000000107e+00
7.404183999999998989e+00 7.379999999999999893e+00
7.407793999999999102e+00 7.390000000000000568e+00
7.411403999999999215e+00 7.400000000000000355e+00
7.415013999999999328e+00 7.410000000000000142e+00
7.418623999999999441e+00 7.419999999999999929e+00
7.422233999999999554e+00 7.429999999999999716e+00
7.425843999999999667e+00 7.440000000000000391e+00
7.429453999999999780e+00 7.450000000000000178e+00
7.433063999999999893e+00 7.459999999999999964e+00
7.436673999999999118e+00 7.469999999999999751e+00
7.440283999999999232e+00 7.480000000000000426e+00
7.443893999999999345e+00 7.490000000000000213e+00
7.447503999999999458e+00 7.500000000000000000e+00
7.451113999999998683e+00 7.509999999999999787e+00
7.454723999999998796e+00 7.520000000000000462e+00
7.458333999999998909e+00 7.530000000000000249e+00
7.461943999999999022e+00 7.540000000000000036e+00
7.465553999999999135e+00 7.549999999999999822e+00
7.469163999999999248e+00 7.560000000000000497e+00
7.472773999999999361e+00 7.570000000000000284e+00
7.476383999999999475e+00 7.580000000000000071e+00
7.479993999999999588e+00 7.589999999999999858e+00
7.483603999999999701e+00 7.600000000000000533e+00
7.487213999999999814e+00 7.610000000000000320e+00
7.490823999999999927e+00 7.620000000000000107e+00
7.494433999999999152e+00 7.629999999999999893e+00
7.498043999999999265e+00 7.640000000000000568e+00
7.501653999999999378e+00 7.650000000000000355e+00
7.505263999999999491e+00 7.660000000000000142e+00
7.508873999999998716e+00 7.669999999999999929e+00
7.512483999999998829e+00 7.679999999999999716e+00
7.516093999999998942e+00 7.690000000000000391e+00
7.519703999999999056e+00 7.700000000000000178e+00
7.523313999999999169e+00 7.709999999999999964e+00
7.526923999999999282e+00 7.719999999999999751e+00
7.530533999999999395e+00 7.730000000000000426e+00
7.534143999999999508e+00 7.740000000000000213e+00
7.537753999999999621e+00 7.750000000000000000e+00
7.541363999999999734e+00 7.759999999999999787e+00
7.544973999999999847e+00 7.770000000000000462e+00
7.548583999999999961e+00 7.780000000000000249e+00
7.552193999999999185e+00 7.790000000000000036e+00
7.555803999999999299e+00 7.799999999999999822e+00
7.559413999999999412e+00 7.810000000000000497e+00
7.563023999999999525e+00 7.820000000000000284e+00
7.566633999999998750e+00 7.830000000000000071e+00
7.570243999999998863e+00 7.839999999999999858e+00
7.573853999999998976e+00 7.850000000000000533e+00
7.577463999999999089e+00 7.860000000000000320e+00
7.581073999999999202e+00 7.870000000000000107e+00
7.584683999999999315e+00 7.879999999999999893e+00
7.588293999999999428e+00 7.890000000000000568e+00
7.591903999999999542e+00 7.900000000000000355e+00
7.595513999999999655e+00 7.910000000000000142e+00
7.599123999999999768e+00 7.919999999999999929e+00
7.602733999999999881e+00 7.930000000000000604e+00
7.606343999999999994e+00 7.940000000000000391e+00
7.609953999999999219e+00 7.950000000000000178e+00
7.613563999999999332e+00 7.959999999999999964e+00
7.617173999999998557e+00 7.969999999999999751e+00
7.620783999999999558e+00 7.980000000000000426e+00
7.624393999999998783e+00 7.990000000000000213e+00
7.628003999999998896e+00 8.000000000000000000e+00
7.631613999999999010e+00 8.009999999999999787e+00
7.635223999999999123e+00 8.019999999999999574e+00
7.638833999999999236e+00 8.029999999999999361e+00
7.642443999999999349e+00 8.040000000000000924e+00
7.646053999999999462e+00 8.050000000000000711e+00
7.649663999999999575e+00 8.060000000000000497e+00
7.653273999999999688e+00 8.070000000000000284e+00
7.656883999999999801e+00 8.080000000000000071e+00
7.660493999999999026e+00 8.089999999999999858e+00
7.664103999999999139e+00 8.099999999999999645e+00
7.667713999999999253e+00 8.109999999999999432e+00
7.671324000000000254e+00 8.120000000000000995e+00
7.674933999999999479e+00 8.130000000000000782e+00
7.678543999999999592e+00 8.140000000000000568e+00
7.682153999999998817e+00 8.150000000000000355e+00
7.685763999999998930e+00 8.160000000000000142e+00
7.689373999999999043e+00 8.169999999999999929e+00
7.692983999999999156e+00 8.179999999999999716e+00
7.696593999999999269e+00 8.189999999999999503e+00
7.700203999999999382e+00 8.199999999999999289e+00
7.703813999999999496e+00 8.210000000000000853e+00
7.707423999999999609e+00 8.220000000000000639e+00
7.711033999999999722e+00 8.230000000000000426e+00
7.714643999999999835e+00 8.240000000000000213e+00
7.718253999999999060e+00 8.250000000000000000e+00
7.721863999999999173e+00 8.259999999999999787e+00
7.725473999999999286e+00 8.269999999999999574e+00
7.729083999999998511e+00 8.279999999999999361e+00
7.732693999999999512e+00 8.290000000000000924e+00
7.736303999999999625e+00 8.300000000000000711e+00
7.739913999999998850e+00 8.310000000000000497e+00
7.743523999999998964e+00 8.320000000000000284e+00
7.747133999999999077e+00 8.330000000000000071e+00
7.750743999999999190e+00 8.339999999999999858e+00
7.754353999999999303e+00 8.349999999999999645e+00
7.757963999999999416e+00 8.359999999999999432e+00
7.761573999999999529e+00 8.370000000000000995e+00
7.765183999999999642e+00 8.380000000000000782e+00
7.768793999999999755e+00 8.390000000000000568e+00
7.772403999999999868e+00 8.400000000000000355e+00
7.776013999999999093e+00 8.410000000000000142e+00
7.779623999999999207e+00 8.419999999999999929e+00
7.783233999999999320e+00 8.429999999999999716e+00
7.786843999999998545e+00 8.439999999999999503e+00
7.790453999999998658e+00 8.449999999999999289e+00
7.794063999999999659e+00 8.460000000000000853e+00
7.797673999999998884e+00 8.470000000000000639e+00
7.801283999999998997e+00 8.480000000000000426e+00
7.804893999999999110e+00 8.490000000000000213e+00
7.808503999999999223e+00 8.500000000000000000e+00
7.812113999999999336e+00 8.509999999999999787e+00
7.815723999999999450e+00 8.519999999999999574e+00
7.819333999999999563e+00 8.529999999999999361e+00
7.822943999999999676e+00 8.540000000000000924e+00
7.826553999999999789e+00 8.550000000000000711e+00
7.830163999999999902e+00 8.560000000000000497e+00
7.833773999999999127e+00 8.570000000000000284e+00
7.837383999999999240e+00 8.580000000000000071e+00
7.840993999999999353e+00 8.589999999999999858e+00
7.844603999999998578e+00 8.599999999999999645e+00
7.848213999999998691e+00 8.609999999999999432e+00
7.851823999999999693e+00 8.620000000000000995e+00
7.855433999999998917e+00 8.630000000000000782e+00
7.859043999999999031e+00 8.640000000000000568e+00
7.862653999999999144e+00 8.650000000000000355e+00
7.866263999999999257e+00 8.660000000000000142e+00
7.869873999999999370e+00 8.669999999999999929e+00
7.873483999999999483e+00 8.679999999999999716e+00
7.877093999999999596e+00 8.689999999999999503e+00
7.880703999999999709e+00 8.700000000000001066e+00
7.884313999999999822e+00 8.710000000000000853e+00
7.887923999999999936e+00 8.720000000000000639e+00
7.891534000000000049e+00 8.730000000000000426e+00
7.895143999999999274e+00 8.740000000000000213e+00
7.898753999999999387e+00 8.750000000000000000e+00
7.902363999999998612e+00 8.759999999999999787e+00
7.905973999999998725e+00 8.769999999999999574e+00
7.909583999999998838e+00 8.779999999999999361e+00
7.913193999999998951e+00 8.790000000000000924e+00
7.916803999999999064e+00 8.800000000000000711e+00
7.920413999999999177e+00 8.810000000000000497e+00
7.924023999999999290e+00 8.820000000000000284e+00
7.927633999999999403e+00 8.830000000000000071e+00
7.931243999999999517e+00 8.839999999999999858e+00
7.934853999999999630e+00 8.849999999999999645e+00
7.938463999999998855e+00 8.859999999999999432e+00
7.942073999999999856e+00 8.870000000000000995e+00
7.945683999999999969e+00 8.880000000000000782e+00
7.949294000000000082e+00 8.890000000000000568e+00
7.952903999999999307e+00 8.900000000000000355e+00
7.956513999999999420e+00 8.910000000000000142e+00
7.960123999999998645e+00 8.919999999999999929e+00
7.963733999999998758e+00 8.929999999999999716e+00
7.967343999999998871e+00 8.939999999999999503e+00
7.970953999999998985e+00 8.950000000000001066e+00
7.974563999999999098e+00 8.960000000000000853e+00
7.978173999999999211e+00 8.970000000000000639e+00
7.981783999999999324e+00 8.980000000000000426e+00
7.985393999999999437e+00 8.990000000000000213e+00
7.989003999999999550e+00 9.000000000000000000e+00
7.992613999999999663e+00 9.009999999999999787e+00
7.996223999999998888e+00 9.019999999999999574e+00
7.999833999999999001e+00 9.029999999999999361e+00
8.003444000000000003e+00 9.040000000000000924e+00
8.007054000000000116e+00 9.050000000000000711e+00
8.010663999999998452e+00 9.060000000000000497e+00
8.014274000000000342e+00 9.070000000000000284e+00
8.017883999999998679e+00 9.080000000000000071e+00
8.021493999999998792e+00 9.089999999999999858e+00
8.025103999999998905e+00 9.099999999999999645e+00
8.028713999999999018e+00 9.109999999999999432e+00
8.032323999999999131e+00 9.120000000000000995e+00
8.035933999999999244e+00 9.130000000000000782e+00
8.039543999999999357e+00 9.140000000000000568e+00
8.043153999999999471e+00 9.150000000000000355e+00
8.046763999999999584e+00 9.160000000000000142e+00
8.050373999999999697e+00 9.169999999999999929e+00
8.053983999999999810e+00 9.179999999999999716e+00
8.057593999999998147e+00 9.189999999999999503e+00
8.061204000000000036e+00 9.200000000000001066e+00
8.064814000000000149e+00 9.210000000000000853e+00
8.068424000000000262e+00 9.220000000000000639e+00
8.072033999999998599e+00 9.230000000000000426e+00
8.075643999999998712e+00 9.240000000000000213e+00
8.079253999999998825e+00 9.250000000000000000e+00
8.082863999999998939e+00 9.259999999999999787e+00
8.086473999999999052e+00 9.269999999999999574e+00
8.090083999999999165e+00 9.279999999999999361e+00
8.093693999999999278e+00 9.290000000000000924e+00
8.097303999999999391e+00 9.300000000000000711e+00
8.100913999999999504e+00 9.310000000000000497e+00
8.104523999999999617e+00 9.320000000000000284e+00
8.108133999999999730e+00 9.330000000000000071e+00
8.111743999999998067e+00 9.339999999999999858e+00
8.115353999999999957e+00 9.349999999999999645e+00
8.118963999999998293e+00 9.359999999999999432e+00
8.122574000000000183e+00 9.370000000000000995e+00
8.126183999999998520e+00 9.380000000000000782e+00
8.129794000000000409e+00 9.390000000000000568e+00
8.133403999999998746e+00 9.400000000000000355e+00
8.137013999999998859e+00 9.410000000000000142e+00
8.140623999999998972e+00 9.419999999999999929e+00
8.144233999999999085e+00 9.429999999999999716e+00
8.147843999999999198e+00 9.439999999999999503e+00
8.151453999999999311e+00 9.450000000000001066e+00
8.155063999999999425e+00 9.460000000000000853e+00
8.158673999999999538e+00 9.470000000000000639e+00
8.162283999999999651e+00 9.480000000000000426e+00
8.165893999999999764e+00 9.490000000000000213e+00
8.169503999999999877e+00 9.500000000000000000e+00
8.173113999999998214e+00 9.509999999999999787e+00
8.176724000000000103e+00 9.519999999999999574e+00
8.180333999999998440e+00 9.529999999999999361e+00
8.183944000000000329e+00 9.540000000000000924e+00
8.187553999999998666e+00 9.550000000000000711e+00
8.191163999999998779e+00 9.560000000000000497e+00
8.194773999999998892e+00 9.570000000000000284e+00
8.198383999999999006e+00 9.580000000000000071e+00
8.201993999999999119e+00 9.589999999999999858e+00
8.205603999999999232e+00 9.599999999999999645e+00
8.209213999999999345e+00 9.609999999999999432e+00
8.212823999999999458e+00 9.620000000000000995e+00
8.216433999999999571e+00 9.630000000000000782e+00
8.220043999999999684e+00 9.640000000000000568e+00
8.223653999999999797e+00 9.650000000000000355e+00
8.227263999999999911e+00 9.660000000000000142e+00
8.230874000000000024e+00 9.669999999999999929e+00
8.234483999999998360e+00 9.679999999999999716e+00
8.238093999999998474e+00 9.689999999999999503e+00
8.241703999999998587e+00 9.700000000000001066e+00
8.245314000000000476e+00 9.710000000000000853e+00
8.248923999999998813e+00 9.720000000000000639e+00
8.252533999999998926e+00 9.730000000000000426e+00
8.256143999999999039e+00 9.740000000000000213e+00
8.259753999999999152e+00 9.750000000000000000e+00
8.263363999999999265e+00 9.759999999999999787e+00
8.266973999999999378e+00 9.769999999999999574e+00
8.270583999999999492e+00 9.779999999999999361e+00
8.274193999999999605e+00 9.790000000000000924e+00
8.277803999999999718e+00 9.800000000000000711e+00
8.281413999999999831e+00 9.810000000000000497e+00
8.285023999999999944e+00 9.820000000000000284e+00
8.288633999999998281e+00 9.830000000000000071e+00
8.292244000000000170e+00 9.839999999999999858e+00
8.295853999999998507e+00 9.849999999999999645e+00
8.299463999999998620e+00 9.859999999999999432e+00
8.303073999999998733e+00 9.870000000000000995e+00
8.306683999999998846e+00 9.880000000000000782e+00
8.310293999999998960e+00 9.890000000000000568e+00
8.313903999999999073e+00 9.900000000000000355e+00
8.317513999999999186e+00 9.910000000000000142e+00
8.321123999999999299e+00 9.919999999999999929e+00
8.324733999999999412e+00 9.929999999999999716e+00
8.328343999999999525e+00 9.939999999999999503e+00
8.331953999999999638e+00 9.950000000000001066e+00
8.335563999999999751e+00 9.960000000000000853e+00
8.339173999999999864e+00 9.970000000000000639e+00
8.342783999999999978e+00 9.980000000000000426e+00
8.346394000000000091e+00 9.990000000000000213e+00
8.350003999999998427e+00 1.000000000000000000e+01
8.353613999999998541e+00 1.000999999999999979e+01
8.357223999999998654e+00 1.001999999999999957e+01
8.360833999999998767e+00 1.002999999999999936e+01
8.364443999999998880e+00 1.004000000000000092e+01
8.368053999999998993e+00 1.005000000000000071e+01
8.371663999999999106e+00 1.006000000000000050e+01
8.375273999999999219e+00 1.007000000000000028e+01
8.378883999999999332e+00 1.008000000000000007e+01
8.382493999999999446e+00 1.008999999999999986e+01
8.386103999999999559e+00 1.009999999999999964e+01
8.389713999999999672e+00 1.010999999999999943e+01
8.393323999999999785e+00 1.012000000000000099e+01
8.396933999999999898e+00 1.013000000000000078e+01
8.400544000000000011e+00 1.014000000000000057e+01
8.404153999999998348e+00 1.015000000000000036e+01
8.407764000000000237e+00 1.016000000000000014e+01
8.411373999999998574e+00 1.016999999999999993e+01
8.414983999999998687e+00 1.017999999999999972e+01
8.418593999999998800e+00 1.018999999999999950e+01
8.422204000000000690e+00 1.020000000000000107e+01
8.425813999999999027e+00 1.021000000000000085e+01
8.429423999999999140e+00 1.022000000000000064e+01
8.433033999999999253e+00 1.023000000000000043e+01
8.436643999999999366e+00 1.024000000000000021e+01
8.440253999999999479e+00 1.025000000000000000e+01
8.443863999999999592e+00 1.025999999999999979e+01
8.447473999999999705e+00 1.026999999999999957e+01
8.451083999999998042e+00 1.027999999999999936e+01
8.454693999999999932e+00 1.029000000000000092e+01
8.458304000000000045e+00 1.030000000000000071e+01
8.461914000000000158e+00 1.031000000000000050e+01
8.465523999999998495e+00 1.032000000000000028e+01
8.469133999999998608e+00 1.033000000000000007e+01
8.472743999999998721e+00 1.033999999999999986e+01
8.476353999999998834e+00 1.034999999999999964e+01
8.479963999999998947e+00 1.035999999999999943e+01
8.483573999999999060e+00 1.037000000000000099e+01
8.487183999999999173e+00 1.038000000000000078e+01
8.490793999999999286e+00 1.039000000000000057e+01
8.494403999999999400e+00 1.040000000000000036e+01
8.498013999999999513e+00 1.041000000000000014e+01
8.501623999999999626e+00 1.041999999999999993e+01
8.505233999999999739e+00 1.042999999999999972e+01
8.508843999999999852e+00 1.043999999999999950e+01
8.512453999999999965e+00 1.045000000000000107e+01
8.516064000000000078e+00 1.046000000000000085e+01
8.519673999999998415e+00 1.047000000000000064e+01
8.523284000000000304e+00 1.048000000000000043e+01
8.526893999999998641e+00 1.049000000000000021e+01
8.530503999999998754e+00 1.050000000000000000e+01
8.534113999999998867e+00 1.050999999999999979e+01
8.537723999999998981e+00 1.051999999999999957e+01
8.541333999999999094e+00 1.052999999999999936e+01
8.544943999999999207e+00 1.054000000000000092e+01
8.548553999999999320e+00 1.055000000000000071e+01
8.552163999999999433e+00 1.056000000000000050e+01
8.555773999999999546e+00 1.057000000000000028e+01
8.559383999999999659e+00 1.058000000000000007e+01
8.562993999999999772e+00 1.058999999999999986e+01
8.566603999999998109e+00 1.059999999999999964e+01
8.570213999999999999e+00 1.060999999999999943e+01
8.573824000000000112e+00 1.062000000000000099e+01
8.577434000000000225e+00 1.063000000000000078e+01
8.581043999999998562e+00 1.064000000000000057e+01
8.584653999999998675e+00 1.065000000000000036e+01
8.588263999999998788e+00 1.066000000000000014e+01
8.591873999999998901e+00 1.066999999999999993e+01
8.595483999999999014e+00 1.067999999999999972e+01
8.599093999999999127e+00 1.068999999999999950e+01
8.602703999999999240e+00 1.070000000000000107e+01
8.606313999999999353e+00 1.071000000000000085e+01
8.609923999999999467e+00 1.072000000000000064e+01
8.613533999999999580e+00 1.073000000000000043e+01
8.617143999999999693e+00 1.074000000000000021e+01
8.620753999999999806e+00 1.075000000000000000e+01
8.624363999999999919e+00 1.075999999999999979e+01
8.627973999999998256e+00 1.076999999999999957e+01
8.631583999999998369e+00 1.077999999999999936e+01
8.635193999999998482e+00 1.079000000000000092e+01
8.638804000000000372e+00 1.080000000000000071e+01
8.642413999999998708e+00 1.081000000000000050e+01
8.646023999999998821e+00 1.082000000000000028e+01
8.649633999999998935e+00 1.083000000000000007e+01
8.653243999999999048e+00 1.083999999999999986e+01
8.656853999999999161e+00 1.084999999999999964e+01
8.660463999999999274e+00 1.085999999999999943e+01
8.664073999999999387e+00 1.087000000000000099e+01
8.667683999999999500e+00 1.088000000000000078e+01
8.671293999999999613e+00 1.089000000000000057e+01
8.674903999999999726e+00 1.090000000000000036e+01
8.678513999999999839e+00 1.091000000000000014e+01
8.682123999999998176e+00 1.091999999999999993e+01
8.685734000000000066e+00 1.092999999999999972e+01
8.689343999999998402e+00 1.093999999999999950e+01
8.692954000000000292e+00 1.095000000000000107e+01
8.696563999999998629e+00 1.096000000000000085e+01
8.700174000000000518e+00 1.097000000000000064e+01
8.703783999999998855e+00 1.098000000000000043e+01
8.707393999999998968e+00 1.099000000000000021e+01
8.711003999999999081e+00 1.100000000000000000e+01
