#volt	fcpow
0.000000000000000000e+00 0.000000000000000000e+00
1.312480000000000091e+00 0.000000000000000000e+00
1.328129400000000127e+00 1.000000000000000021e-02
1.343778800000000162e+00 2.000000000000000042e-02
1.359428199999999975e+00 2.999999999999999889e-02
1.375077600000000011e+00 4.000000000000000083e-02
1.390727000000000046e+00 5.000000000000000278e-02
1.406376400000000082e+00 5.999999999999999778e-02
1.422025800000000118e+00 7.000000000000000666e-02
1.437675200000000153e+00 8.000000000000000167e-02
1.453324600000000189e+00 8.999999999999999667e-02
1.468974000000000224e+00 1.000000000000000056e-01
1.484623400000000037e+00 1.100000000000000006e-01
1.500272800000000073e+00 1.199999999999999956e-01
1.515922200000000108e+00 1.300000000000000044e-01
1.531571600000000144e+00 1.400000000000000133e-01
1.547220999999999957e+00 1.499999999999999944e-01
1.562870399999999993e+00 1.600000000000000033e-01
1.578519800000000028e+00 1.700000000000000122e-01
1.594169200000000064e+00 1.799999999999999933e-01
1.609818600000000099e+00 1.900000000000000022e-01
1.625468000000000135e+00 2.000000000000000111e-01
1.641117400000000170e+00 2.099999999999999922e-01
1.656766800000000206e+00 2.200000000000000011e-01
1.672416200000000241e+00 2.300000000000000100e-01
1.688065600000000055e+00 2.399999999999999911e-01
1.703715000000000090e+00 2.500000000000000000e-01
1.719364400000000126e+00 2.600000000000000089e-01
1.735013800000000161e+00 2.700000000000000178e-01
1.750663200000000197e+00 2.800000000000000266e-01
1.766312600000000010e+00 2.899999999999999800e-01
1.781962000000000046e+00 2.999999999999999889e-01
1.797611400000000081e+00 3.099999999999999978e-01
1.813260800000000117e+00 3.200000000000000067e-01
1.828910200000000152e+00 3.300000000000000155e-01
1.844559600000000188e+00 3.400000000000000244e-01
1.860209000000000223e+00 3.500000000000000333e-01
1.875858400000000037e+00 3.599999999999999867e-01
1.891507800000000072e+00 3.699999999999999956e-01
1.907157200000000108e+00 3.800000000000000044e-01
1.922806600000000143e+00 3.900000000000000133e-01
1.938456000000000179e+00 4.000000000000000222e-01
1.954105399999999992e+00 4.100000000000000311e-01
1.969754800000000028e+00 4.199999999999999845e-01
1.985404200000000063e+00 4.299999999999999933e-01
2.001053600000000099e+00 4.400000000000000022e-01
2.016703000000000134e+00 4.500000000000000111e-01
2.032352400000000170e+00 4.600000000000000200e-01
2.048001800000000205e+00 4.700000000000000289e-01
2.063651199999999797e+00 4.799999999999999822e-01
2.079300599999999832e+00 4.899999999999999911e-01
2.094949999999999868e+00 5.000000000000000000e-01
2.110599399999999903e+00 5.100000000000000089e-01
2.118609182024000059e+00 5.200000000000000178e-01
2.124725742024000219e+00 5.300000000000000266e-01
2.130842302024000379e+00 5.400000000000000355e-01
2.136958862024000094e+00 5.500000000000000444e-01
2.143075422024000254e+00 5.600000000000000533e-01
2.149191982024000414e+00 5.700000000000000622e-01
2.155308542024000129e+00 5.799999999999999600e-01
2.161425102024000289e+00 5.899999999999999689e-01
2.167541662024000004e+00 5.999999999999999778e-01
2.173658222024000164e+00 6.099999999999999867e-01
2.179774782024000324e+00 6.199999999999999956e-01
2.185891342024000039e+00 6.300000000000000044e-01
2.192007902024000199e+00 6.400000000000000133e-01
2.198124462024000358e+00 6.500000000000000222e-01
2.204241022024000074e+00 6.600000000000000311e-01
2.210357582024000234e+00 6.700000000000000400e-01
2.216474142024000393e+00 6.800000000000000488e-01
2.222590702024000109e+00 6.900000000000000577e-01
2.228707262024000268e+00 7.000000000000000666e-01
2.234823822024000428e+00 7.099999999999999645e-01
2.240940382024000144e+00 7.199999999999999734e-01
2.247056942024000303e+00 7.299999999999999822e-01
2.253173502024000019e+00 7.399999999999999911e-01
2.259290062024000179e+00 7.500000000000000000e-01
2.265406622024000338e+00 7.600000000000000089e-01
2.271523182024000054e+00 7.700000000000000178e-01
2.277639742024000213e+00 7.800000000000000266e-01
2.283756302024000373e+00 7.900000000000000355e-01
2.289872862024000089e+00 8.000000000000000444e-01
2.295989422024000248e+00 8.100000000000000533e-01
2.302105982024000408e+00 8.200000000000000622e-01
2.308222542024000123e+00 8.300000000000000711e-01
2.314339102024000283e+00 8.399999999999999689e-01
2.320455662023999999e+00 8.499999999999999778e-01
2.326572222024000158e+00 8.599999999999999867e-01
2.332688782024000318e+00 8.699999999999999956e-01
2.338805342024000034e+00 8.800000000000000044e-01
2.344921902024000193e+00 8.900000000000000133e-01
2.351038462024000353e+00 9.000000000000000222e-01
2.357155022024000068e+00 9.100000000000000311e-01
2.363271582024000228e+00 9.200000000000000400e-01
2.369388142024000388e+00 9.300000000000000488e-01
2.375504702024000103e+00 9.400000000000000577e-01
2.381621262024000263e+00 9.500000000000000666e-01
2.387737822024000423e+00 9.599999999999999645e-01
2.393854382024000138e+00 9.699999999999999734e-01
2.399970942024000298e+00 9.799999999999999822e-01
2.406087502024000457e+00 9.899999999999999911e-01
2.412204062024000173e+00 1.000000000000000000e+00
2.418320622024000333e+00 1.010000000000000009e+00
2.424437182024000048e+00 1.020000000000000018e+00
2.430553742024000208e+00 1.030000000000000027e+00
2.436670302024000367e+00 1.040000000000000036e+00
2.442786862024000083e+00 1.050000000000000044e+00
2.448903422024000243e+00 1.060000000000000053e+00
2.455019982024000402e+00 1.070000000000000062e+00
2.461136542024000118e+00 1.080000000000000071e+00
2.467253102024000277e+00 1.090000000000000080e+00
2.473369662024000437e+00 1.100000000000000089e+00
2.479486222024000153e+00 1.110000000000000098e+00
2.485602782024000312e+00 1.120000000000000107e+00
2.491719342024000472e+00 1.130000000000000115e+00
2.497835902024000188e+00 1.140000000000000124e+00
2.503952462024000347e+00 1.150000000000000133e+00
2.510069022024000063e+00 1.159999999999999920e+00
2.516185582024000222e+00 1.169999999999999929e+00
2.522302142024000382e+00 1.179999999999999938e+00
2.528418702024000098e+00 1.189999999999999947e+00
2.534535262024000257e+00 1.199999999999999956e+00
2.540651822024000417e+00 1.209999999999999964e+00
2.546768382024000132e+00 1.219999999999999973e+00
2.552884942024000292e+00 1.229999999999999982e+00
2.559001502024000452e+00 1.239999999999999991e+00
2.565118062024000167e+00 1.250000000000000000e+00
2.571234622024000327e+00 1.260000000000000009e+00
2.577351182024000043e+00 1.270000000000000018e+00
2.583467742024000202e+00 1.280000000000000027e+00
2.589584302024000362e+00 1.290000000000000036e+00
2.595700862024000077e+00 1.300000000000000044e+00
2.601817422024000237e+00 1.310000000000000053e+00
2.607933982024000397e+00 1.320000000000000062e+00
2.614050542024000112e+00 1.330000000000000071e+00
2.620167102024000272e+00 1.340000000000000080e+00
2.626283662024000432e+00 1.350000000000000089e+00
2.632400222024000147e+00 1.360000000000000098e+00
2.638516782024000307e+00 1.370000000000000107e+00
2.644633342024000022e+00 1.380000000000000115e+00
2.650749902024000182e+00 1.390000000000000124e+00
2.656866462024000342e+00 1.400000000000000133e+00
2.662983022024000057e+00 1.409999999999999920e+00
2.669099582024000217e+00 1.419999999999999929e+00
2.675216142024000376e+00 1.429999999999999938e+00
2.681332702024000092e+00 1.439999999999999947e+00
2.687449262024000252e+00 1.449999999999999956e+00
2.693565822024000411e+00 1.459999999999999964e+00
2.699682382024000127e+00 1.469999999999999973e+00
2.705798942024000286e+00 1.479999999999999982e+00
2.711915502024000446e+00 1.489999999999999991e+00
2.718032062024000162e+00 1.500000000000000000e+00
2.724148622024000321e+00 1.510000000000000009e+00
2.730265182024000481e+00 1.520000000000000018e+00
2.736381742024000197e+00 1.530000000000000027e+00
2.742498302024000356e+00 1.540000000000000036e+00
2.748614862024000072e+00 1.550000000000000044e+00
2.754731422024000231e+00 1.560000000000000053e+00
2.760847982024000391e+00 1.570000000000000062e+00
2.766964542024000107e+00 1.580000000000000071e+00
2.773081102024000266e+00 1.590000000000000080e+00
2.779197662024000426e+00 1.600000000000000089e+00
2.785314222024000141e+00 1.610000000000000098e+00
2.791430782024000301e+00 1.620000000000000107e+00
2.797547342024000017e+00 1.630000000000000115e+00
2.803663902024000176e+00 1.640000000000000124e+00
2.809780462024000336e+00 1.650000000000000133e+00
2.815897022024000051e+00 1.660000000000000142e+00
2.822013582024000211e+00 1.669999999999999929e+00
2.828130142024000371e+00 1.679999999999999938e+00
2.834246702024000086e+00 1.689999999999999947e+00
2.840363262024000246e+00 1.699999999999999956e+00
2.846479822024000406e+00 1.709999999999999964e+00
2.852596382024000121e+00 1.719999999999999973e+00
2.858712942024000281e+00 1.729999999999999982e+00
2.864829502024000440e+00 1.739999999999999991e+00
2.870946062024000156e+00 1.750000000000000000e+00
2.877062622024000316e+00 1.760000000000000009e+00
2.883179182024000475e+00 1.770000000000000018e+00
2.889295742024000191e+00 1.780000000000000027e+00
2.895412302024000351e+00 1.790000000000000036e+00
2.901528862024000066e+00 1.800000000000000044e+00
2.907645422024000226e+00 1.810000000000000053e+00
2.913761982024000385e+00 1.820000000000000062e+00
2.919878542024000101e+00 1.830000000000000071e+00
2.925995102024000261e+00 1.840000000000000080e+00
2.932111662024000420e+00 1.850000000000000089e+00
2.938228222024000136e+00 1.860000000000000098e+00
2.944344782024000295e+00 1.870000000000000107e+00
2.950461342024000011e+00 1.880000000000000115e+00
2.956577902024000171e+00 1.890000000000000124e+00
2.962694462024000330e+00 1.900000000000000133e+00
2.968811022024000046e+00 1.910000000000000142e+00
2.974927582024000206e+00 1.919999999999999929e+00
2.981044142024000365e+00 1.929999999999999938e+00
2.987160702024000081e+00 1.939999999999999947e+00
2.993277262024000240e+00 1.949999999999999956e+00
2.999393822024000400e+00 1.959999999999999964e+00
3.005510382024000116e+00 1.969999999999999973e+00
3.011626942024000275e+00 1.979999999999999982e+00
3.017743502024000435e+00 1.989999999999999991e+00
3.023860062024000150e+00 2.000000000000000000e+00
3.029976622024000310e+00 2.010000000000000231e+00
3.036093182024000470e+00 2.020000000000000018e+00
3.042209742024000185e+00 2.030000000000000249e+00
3.048326302024000345e+00 2.040000000000000036e+00
3.054442862024000060e+00 2.049999999999999822e+00
3.060559422024000220e+00 2.060000000000000053e+00
3.066675982023999936e+00 2.069999999999999840e+00
3.072792542024000095e+00 2.080000000000000071e+00
3.078909102024000255e+00 2.089999999999999858e+00
3.085025662024000415e+00 2.100000000000000089e+00
3.091142222024000130e+00 2.109999999999999876e+00
3.097258782024000290e+00 2.120000000000000107e+00
3.103375342024000005e+00 2.129999999999999893e+00
3.109491902024000165e+00 2.140000000000000124e+00
3.115608462024000325e+00 2.149999999999999911e+00
3.121725022024000040e+00 2.160000000000000142e+00
3.127841582024000200e+00 2.169999999999999929e+00
3.133958142024000360e+00 2.180000000000000160e+00
3.140074702024000075e+00 2.189999999999999947e+00
3.146191262024000235e+00 2.200000000000000178e+00
3.152307822024000394e+00 2.209999999999999964e+00
3.158424382024000110e+00 2.220000000000000195e+00
3.164540942024000270e+00 2.229999999999999982e+00
3.170657502024000429e+00 2.240000000000000213e+00
3.176774062024000145e+00 2.250000000000000000e+00
3.182890622024000304e+00 2.260000000000000231e+00
3.189007182024000464e+00 2.270000000000000018e+00
3.195123742024000180e+00 2.280000000000000249e+00
3.201240302023999895e+00 2.290000000000000036e+00
3.207356862024000499e+00 2.300000000000000266e+00
3.213473422024000214e+00 2.310000000000000053e+00
3.219589982023999930e+00 2.319999999999999840e+00
3.225706542024000534e+00 2.330000000000000071e+00
3.231823102024000249e+00 2.339999999999999858e+00
3.237939662023999965e+00 2.350000000000000089e+00
3.244056222024000125e+00 2.359999999999999876e+00
3.250172782024000284e+00 2.370000000000000107e+00
3.256289342024000000e+00 2.379999999999999893e+00
3.262405902024000159e+00 2.390000000000000124e+00
3.268522462024000319e+00 2.399999999999999911e+00
3.274639022024000035e+00 2.410000000000000142e+00
3.280755582024000194e+00 2.419999999999999929e+00
3.286872142024000354e+00 2.430000000000000160e+00
3.292988702024000069e+00 2.439999999999999947e+00
3.299105262024000229e+00 2.450000000000000178e+00
3.305221822024000389e+00 2.459999999999999964e+00
3.311338382024000104e+00 2.470000000000000195e+00
3.317454942024000264e+00 2.479999999999999982e+00
3.323571502024000424e+00 2.490000000000000213e+00
3.329688062024000139e+00 2.500000000000000000e+00
3.335804622024000299e+00 2.510000000000000231e+00
3.341921182024000458e+00 2.520000000000000018e+00
3.348037742024000174e+00 2.530000000000000249e+00
3.354154302023999890e+00 2.540000000000000036e+00
3.360270862024000493e+00 2.550000000000000266e+00
3.366387422024000209e+00 2.560000000000000053e+00
3.372503982023999924e+00 2.569999999999999840e+00
3.378620542024000084e+00 2.580000000000000071e+00
3.384737102024000244e+00 2.589999999999999858e+00
3.390853662024000403e+00 2.600000000000000089e+00
3.396970222024000563e+00 2.609999999999999876e+00
3.403086782024000279e+00 2.620000000000000107e+00
3.409203342023999994e+00 2.629999999999999893e+00
3.415319902024000598e+00 2.640000000000000124e+00
3.421436462024000313e+00 2.649999999999999911e+00
3.427553022024000029e+00 2.660000000000000142e+00
3.433669582023999745e+00 2.669999999999999929e+00
3.439786142024000348e+00 2.680000000000000160e+00
3.445902702024000064e+00 2.689999999999999947e+00
3.452019262024000223e+00 2.700000000000000178e+00
3.458135822023999939e+00 2.709999999999999964e+00
3.464252382024000543e+00 2.720000000000000195e+00
3.470368942024000258e+00 2.729999999999999982e+00
3.476485502024000418e+00 2.740000000000000213e+00
3.482602062024000134e+00 2.750000000000000000e+00
3.488718622024000737e+00 2.760000000000000231e+00
3.494835182024000453e+00 2.770000000000000018e+00
3.500951742024000168e+00 2.780000000000000249e+00
3.507068302023999884e+00 2.790000000000000036e+00
3.513184862024000488e+00 2.800000000000000266e+00
3.519301422024000203e+00 2.810000000000000053e+00
3.525417982023999919e+00 2.819999999999999840e+00
3.531534542024000078e+00 2.830000000000000071e+00
3.537651102024000238e+00 2.839999999999999858e+00
3.543767662024000398e+00 2.850000000000000089e+00
3.549884222024000557e+00 2.859999999999999876e+00
3.556000782024000273e+00 2.870000000000000107e+00
3.562117342023999988e+00 2.879999999999999893e+00
3.568233902024000592e+00 2.890000000000000124e+00
3.574350462024000308e+00 2.899999999999999911e+00
3.580467022024000023e+00 2.910000000000000142e+00
3.586583582023999739e+00 2.919999999999999929e+00
3.592700142024000343e+00 2.930000000000000160e+00
3.598816702024000058e+00 2.939999999999999947e+00
3.604933262024000218e+00 2.950000000000000178e+00
3.611049822023999933e+00 2.959999999999999964e+00
3.617166382024000537e+00 2.970000000000000195e+00
3.623282942024000253e+00 2.979999999999999982e+00
3.629399502024000412e+00 2.990000000000000213e+00
3.635516062024000128e+00 3.000000000000000000e+00
3.641632622024000732e+00 3.010000000000000231e+00
3.647749182024000447e+00 3.020000000000000018e+00
3.653865742024000163e+00 3.030000000000000249e+00
3.659982302023999878e+00 3.040000000000000036e+00
3.666098862024000482e+00 3.050000000000000266e+00
3.672215422024000198e+00 3.060000000000000053e+00
3.678331982023999913e+00 3.070000000000000284e+00
3.684448542024000073e+00 3.080000000000000071e+00
3.690565102024000232e+00 3.089999999999999858e+00
3.696681662024000392e+00 3.100000000000000089e+00
3.702798222024000552e+00 3.109999999999999876e+00
3.708914782024000267e+00 3.120000000000000107e+00
3.715031342023999983e+00 3.129999999999999893e+00
3.721147902024000587e+00 3.140000000000000124e+00
3.727264462024000302e+00 3.149999999999999911e+00
3.733381022024000018e+00 3.160000000000000142e+00
3.739497582023999733e+00 3.169999999999999929e+00
3.745614142024000337e+00 3.180000000000000160e+00
3.751730702024000053e+00 3.189999999999999947e+00
3.757847262024000212e+00 3.200000000000000178e+00
3.763963822023999928e+00 3.209999999999999964e+00
3.770080382024000532e+00 3.220000000000000195e+00
3.776196942024000247e+00 3.229999999999999982e+00
3.782313502024000407e+00 3.240000000000000213e+00
3.788430062024000122e+00 3.250000000000000000e+00
3.794546622024000726e+00 3.260000000000000231e+00
3.800663182024000442e+00 3.270000000000000018e+00
3.806779742024000157e+00 3.280000000000000249e+00
3.812896302023999873e+00 3.290000000000000036e+00
3.819012862024000476e+00 3.300000000000000266e+00
3.825129422024000192e+00 3.310000000000000053e+00
3.831245982023999908e+00 3.320000000000000284e+00
3.837362542024000067e+00 3.330000000000000071e+00
3.843479102024000227e+00 3.339999999999999858e+00
3.849595662024000386e+00 3.350000000000000089e+00
3.855712222024000546e+00 3.359999999999999876e+00
3.861828782024000262e+00 3.370000000000000107e+00
3.867945342023999977e+00 3.379999999999999893e+00
3.874061902024000581e+00 3.390000000000000124e+00
3.880178462024000297e+00 3.399999999999999911e+00
3.886295022024000012e+00 3.410000000000000142e+00
3.892411582023999728e+00 3.419999999999999929e+00
3.898528142024000331e+00 3.430000000000000160e+00
3.904644702024000047e+00 3.439999999999999947e+00
3.910761262024000207e+00 3.450000000000000178e+00
3.916877822023999922e+00 3.459999999999999964e+00
3.922994382024000526e+00 3.470000000000000195e+00
3.929110942024000241e+00 3.479999999999999982e+00
3.935227502024000401e+00 3.490000000000000213e+00
3.941344062024000117e+00 3.500000000000000000e+00
3.947460622024000720e+00 3.510000000000000231e+00
3.953577182024000436e+00 3.520000000000000018e+00
3.959693742024000152e+00 3.530000000000000249e+00
3.965810302023999867e+00 3.540000000000000036e+00
3.971926862024000471e+00 3.550000000000000266e+00
3.978043422024000186e+00 3.560000000000000053e+00
3.984159982023999902e+00 3.570000000000000284e+00
3.990276542024000062e+00 3.580000000000000071e+00
3.996393102024000221e+00 3.589999999999999858e+00
4.002509662023999937e+00 3.600000000000000089e+00
4.008626222024000541e+00 3.609999999999999876e+00
4.014742782024000256e+00 3.620000000000000107e+00
4.020859342023999972e+00 3.629999999999999893e+00
4.026975902024000575e+00 3.640000000000000124e+00
4.033092462024000291e+00 3.649999999999999911e+00
4.039209022024000006e+00 3.660000000000000142e+00
4.045325582023999722e+00 3.669999999999999929e+00
4.051442142024000326e+00 3.680000000000000160e+00
4.057558702024000041e+00 3.689999999999999947e+00
4.063675262024000645e+00 3.700000000000000178e+00
4.069791822023999472e+00 3.709999999999999964e+00
4.075908382024000076e+00 3.720000000000000195e+00
4.082024942024000680e+00 3.729999999999999982e+00
4.088141502024000395e+00 3.740000000000000213e+00
4.094258062024000111e+00 3.750000000000000000e+00
4.100374622024000715e+00 3.760000000000000231e+00
4.106491182024000430e+00 3.770000000000000018e+00
4.112607742024000146e+00 3.780000000000000249e+00
4.118724302023999861e+00 3.790000000000000036e+00
4.124840862024000465e+00 3.800000000000000266e+00
4.130957422024000181e+00 3.810000000000000053e+00
4.137073982024000784e+00 3.820000000000000284e+00
4.143190542023999612e+00 3.830000000000000071e+00
4.149307102024000216e+00 3.839999999999999858e+00
4.155423662024000819e+00 3.850000000000000089e+00
4.161540222023999647e+00 3.859999999999999876e+00
4.167656782024000250e+00 3.870000000000000107e+00
4.173773342023999966e+00 3.879999999999999893e+00
4.179889902024000570e+00 3.890000000000000124e+00
4.186006462024000285e+00 3.899999999999999911e+00
4.192123022024000001e+00 3.910000000000000142e+00
4.198239582023999716e+00 3.919999999999999929e+00
4.204356142024000320e+00 3.930000000000000160e+00
4.210472702024000924e+00 3.939999999999999947e+00
4.216589262023999751e+00 3.950000000000000178e+00
4.222705822024000355e+00 3.959999999999999964e+00
4.228822382024000959e+00 3.970000000000000195e+00
4.234938942023999786e+00 3.979999999999999982e+00
4.241055502024000390e+00 3.990000000000000213e+00
4.247172062024000105e+00 4.000000000000000000e+00
4.253288622023999821e+00 4.009999999999999787e+00
4.259405182024000425e+00 4.020000000000000462e+00
4.265521742024000140e+00 4.030000000000000249e+00
4.271638302023999856e+00 4.040000000000000036e+00
4.277754862024000460e+00 4.049999999999999822e+00
4.283871422024000175e+00 4.060000000000000497e+00
4.289987982023999891e+00 4.070000000000000284e+00
4.296104542024000494e+00 4.080000000000000071e+00
4.302221102023999322e+00 4.089999999999999858e+00
4.308337662023999926e+00 4.099999999999999645e+00
4.314454222024000529e+00 4.110000000000000320e+00
4.320570782024000245e+00 4.120000000000000107e+00
4.326687342023999960e+00 4.129999999999999893e+00
4.332803902023999676e+00 4.139999999999999680e+00
4.338920462024000280e+00 4.150000000000000355e+00
4.345037022023999995e+00 4.160000000000000142e+00
4.351153582024000599e+00 4.169999999999999929e+00
4.357270142023999426e+00 4.179999999999999716e+00
4.363386702024000030e+00 4.190000000000000391e+00
4.369503262024000634e+00 4.200000000000000178e+00
4.375619822023999461e+00 4.209999999999999964e+00
4.381736382024000065e+00 4.219999999999999751e+00
4.387852942024000669e+00 4.230000000000000426e+00
4.393969502023999496e+00 4.240000000000000213e+00
4.400086062024000100e+00 4.250000000000000000e+00
4.406202622023999815e+00 4.259999999999999787e+00
4.412319182024000419e+00 4.270000000000000462e+00
4.418435742024000135e+00 4.280000000000000249e+00
4.424552302023999850e+00 4.290000000000000036e+00
4.430668862023999566e+00 4.299999999999999822e+00
4.436785422024000169e+00 4.310000000000000497e+00
4.442901982024000773e+00 4.320000000000000284e+00
4.449018542023999601e+00 4.330000000000000071e+00
4.455135102024000204e+00 4.339999999999999858e+00
4.461251662024000808e+00 4.350000000000000533e+00
4.467368222023999635e+00 4.360000000000000320e+00
4.473484782024000239e+00 4.370000000000000107e+00
4.479601342023999955e+00 4.379999999999999893e+00
4.485717902023999670e+00 4.389999999999999680e+00
4.491834462024000274e+00 4.400000000000000355e+00
4.497951022023999990e+00 4.410000000000000142e+00
4.504067582023999705e+00 4.419999999999999929e+00
4.510184142024000309e+00 4.429999999999999716e+00
4.516300702024000913e+00 4.440000000000000391e+00
4.522417262023999740e+00 4.450000000000000178e+00
4.528533822024000344e+00 4.459999999999999964e+00
4.534650382024000059e+00 4.469999999999999751e+00
4.540766942023999775e+00 4.480000000000000426e+00
4.546883502024000379e+00 4.490000000000000213e+00
4.553000062024000094e+00 4.500000000000000000e+00
4.559116622023999810e+00 4.509999999999999787e+00
4.565233182024000413e+00 4.520000000000000462e+00
4.571349742024000129e+00 4.530000000000000249e+00
4.577466302023999845e+00 4.540000000000000036e+00
4.583582862024000448e+00 4.549999999999999822e+00
4.589699422024000164e+00 4.560000000000000497e+00
4.595815982023999879e+00 4.570000000000000284e+00
4.601932542024000483e+00 4.580000000000000071e+00
4.608049102023999311e+00 4.589999999999999858e+00
4.614165662023999914e+00 4.600000000000000533e+00
4.620282222024000518e+00 4.610000000000000320e+00
4.626398782024000234e+00 4.620000000000000107e+00
4.632515342023999949e+00 4.629999999999999893e+00
4.638631902023999665e+00 4.639999999999999680e+00
4.644748462024000268e+00 4.650000000000000355e+00
4.650865022023999984e+00 4.660000000000000142e+00
4.656981582024000588e+00 4.669999999999999929e+00
4.663098142023999415e+00 4.679999999999999716e+00
4.669214702024000019e+00 4.690000000000000391e+00
4.675331262024000623e+00 4.700000000000000178e+00
4.681447822023999450e+00 4.709999999999999964e+00
4.687564382024000054e+00 4.719999999999999751e+00
4.693680942024000657e+00 4.730000000000000426e+00
4.699797502023999485e+00 4.740000000000000213e+00
4.705914062024000089e+00 4.750000000000000000e+00
4.712030622023999804e+00 4.759999999999999787e+00
4.718147182024000408e+00 4.770000000000000462e+00
4.724263742024000123e+00 4.780000000000000249e+00
4.730380302023999839e+00 4.790000000000000036e+00
4.736496862023999554e+00 4.799999999999999822e+00
4.742613422024000158e+00 4.810000000000000497e+00
4.748729982024000762e+00 4.820000000000000284e+00
4.754846542023999589e+00 4.830000000000000071e+00
4.760963102024000193e+00 4.839999999999999858e+00
4.767079662024000797e+00 4.850000000000000533e+00
4.773196222023999624e+00 4.860000000000000320e+00
4.779312782024000228e+00 4.870000000000000107e+00
4.785429342023999943e+00 4.879999999999999893e+00
4.791545902023999659e+00 4.889999999999999680e+00
4.797662462024000263e+00 4.900000000000000355e+00
4.803779022023999978e+00 4.910000000000000142e+00
4.809895582023999694e+00 4.919999999999999929e+00
4.816012142024000298e+00 4.929999999999999716e+00
4.822128702024000901e+00 4.940000000000000391e+00
4.828245262023999729e+00 4.950000000000000178e+00
4.834361822024000332e+00 4.959999999999999964e+00
4.840478382024000048e+00 4.969999999999999751e+00
4.846594942023999764e+00 4.980000000000000426e+00
4.852711502024000367e+00 4.990000000000000213e+00
4.858828062024000083e+00 5.000000000000000000e+00
4.864944622023999798e+00 5.009999999999999787e+00
4.871061182024000402e+00 5.020000000000000462e+00
4.877177742024000118e+00 5.030000000000000249e+00
4.883294302023999833e+00 5.040000000000000036e+00
4.889410862024000437e+00 5.049999999999999822e+00
4.895527422024000153e+00 5.060000000000000497e+00
4.901643982023999868e+00 5.070000000000000284e+00
4.907760542024000472e+00 5.080000000000000071e+00
4.913877102023999299e+00 5.089999999999999858e+00
4.919993662023999903e+00 5.100000000000000533e+00
4.926110222024000507e+00 5.110000000000000320e+00
4.932226782024000222e+00 5.120000000000000107e+00
4.938343342023999938e+00 5.129999999999999893e+00
4.944459902023999653e+00 5.139999999999999680e+00
4.950576462024000257e+00 5.150000000000000355e+00
4.956693022023999973e+00 5.160000000000000142e+00
4.962809582024000576e+00 5.169999999999999929e+00
4.968926142023999404e+00 5.179999999999999716e+00
4.975042702024000008e+00 5.190000000000000391e+00
4.981159262024000611e+00 5.200000000000000178e+00
4.987275822023999439e+00 5.209999999999999964e+00
4.993392382024000042e+00 5.219999999999999751e+00
4.999508942024000646e+00 5.230000000000000426e+00
5.005625502023999474e+00 5.240000000000000213e+00
5.011742062024000077e+00 5.250000000000000000e+00
5.017858622023999793e+00 5.259999999999999787e+00
5.023975182024000397e+00 5.270000000000000462e+00
5.030091742024000112e+00 5.280000000000000249e+00
5.036208302023999828e+00 5.290000000000000036e+00
5.042324862023999543e+00 5.299999999999999822e+00
5.048441422024000147e+00 5.310000000000000497e+00
5.054557982024000751e+00 5.320000000000000284e+00
5.060674542023999578e+00 5.330000000000000071e+00
5.066791102024000182e+00 5.339999999999999858e+00
5.072907662024000786e+00 5.350000000000000533e+00
5.079024222023999613e+00 5.360000000000000320e+00
5.085140782024000217e+00 5.370000000000000107e+00
5.091257342023999932e+00 5.379999999999999893e+00
5.097373902023999648e+00 5.389999999999999680e+00
5.103490462024000252e+00 5.400000000000000355e+00
5.109607022023999967e+00 5.410000000000000142e+00
5.115723582023999683e+00 5.419999999999999929e+00
5.121840142024000286e+00 5.429999999999999716e+00
5.127956702024000890e+00 5.440000000000000391e+00
5.134073262023999717e+00 5.450000000000000178e+00
5.140189822024000321e+00 5.459999999999999964e+00
5.146306382024000037e+00 5.469999999999999751e+00
5.152422942023999752e+00 5.480000000000000426e+00
5.158539502024000356e+00 5.490000000000000213e+00
5.164656062024000072e+00 5.500000000000000000e+00
5.170772622023999787e+00 5.509999999999999787e+00
5.176889182024000391e+00 5.520000000000000462e+00
5.183005742024000106e+00 5.530000000000000249e+00
5.189122302023999822e+00 5.540000000000000036e+00
5.195238862024000426e+00 5.549999999999999822e+00
5.201355422024000141e+00 5.560000000000000497e+00
5.207471982023999857e+00 5.570000000000000284e+00
5.213588542024000461e+00 5.580000000000000071e+00
5.219705102023999288e+00 5.589999999999999858e+00
5.225821662023999892e+00 5.600000000000000533e+00
5.231938222024000495e+00 5.610000000000000320e+00
5.238054782024000211e+00 5.620000000000000107e+00
5.244171342023999927e+00 5.629999999999999893e+00
5.250287902023999642e+00 5.639999999999999680e+00
5.256404462024000246e+00 5.650000000000000355e+00
5.262521022023999961e+00 5.660000000000000142e+00
5.268637582024000565e+00 5.669999999999999929e+00
5.274754142023999393e+00 5.679999999999999716e+00
5.280870702023999996e+00 5.690000000000000391e+00
5.286987262024000600e+00 5.700000000000000178e+00
5.293103822023999427e+00 5.709999999999999964e+00
5.299220382024000031e+00 5.719999999999999751e+00
5.305336942024000635e+00 5.730000000000000426e+00
5.311453502023999462e+00 5.740000000000000213e+00
5.317570062024000066e+00 5.750000000000000000e+00
5.323686622023999782e+00 5.759999999999999787e+00
5.329803182024000385e+00 5.770000000000000462e+00
5.335919742024000101e+00 5.780000000000000249e+00
5.342036302023999816e+00 5.790000000000000036e+00
5.348152862023999532e+00 5.799999999999999822e+00
5.354269422024000136e+00 5.810000000000000497e+00
5.360385982024000739e+00 5.820000000000000284e+00
5.366502542023999567e+00 5.830000000000000071e+00
5.372619102024000171e+00 5.839999999999999858e+00
5.378735662024000774e+00 5.850000000000000533e+00
5.384852222023999602e+00 5.860000000000000320e+00
5.390968782024000205e+00 5.870000000000000107e+00
5.397085342023999921e+00 5.879999999999999893e+00
5.403201902023999637e+00 5.889999999999999680e+00
5.409318462024000240e+00 5.900000000000000355e+00
5.415435022023999956e+00 5.910000000000000142e+00
5.421551582023999671e+00 5.919999999999999929e+00
5.427668142024000275e+00 5.929999999999999716e+00
5.433784702024000879e+00 5.940000000000000391e+00
5.439901262023999706e+00 5.950000000000000178e+00
5.446017822024000310e+00 5.959999999999999964e+00
5.452134382024000026e+00 5.969999999999999751e+00
5.458250942023999741e+00 5.980000000000000426e+00
5.464367502024000345e+00 5.990000000000000213e+00
5.470484062024000060e+00 6.000000000000000000e+00
5.476600622023999776e+00 6.009999999999999787e+00
5.482717182024000380e+00 6.020000000000000462e+00
5.488833742024000095e+00 6.030000000000000249e+00
5.494950302023999811e+00 6.040000000000000036e+00
5.501066862024000415e+00 6.049999999999999822e+00
5.507183422024000130e+00 6.060000000000000497e+00
5.513299982023999846e+00 6.070000000000000284e+00
5.519416542024000449e+00 6.080000000000000071e+00
5.525533102023999277e+00 6.089999999999999858e+00
5.531649662023999880e+00 6.100000000000000533e+00
5.537766222024000484e+00 6.110000000000000320e+00
5.543882782024000200e+00 6.120000000000000107e+00
5.549999342023999915e+00 6.129999999999999893e+00
5.556115902024000519e+00 6.140000000000000568e+00
5.562232462024000235e+00 6.150000000000000355e+00
5.568349022023999950e+00 6.160000000000000142e+00
5.574465582024000554e+00 6.169999999999999929e+00
5.580582142023999381e+00 6.179999999999999716e+00
5.586698702023999985e+00 6.190000000000000391e+00
5.592815262024000589e+00 6.200000000000000178e+00
5.598931822023999416e+00 6.209999999999999964e+00
5.605048382024000020e+00 6.219999999999999751e+00
5.611164942024000624e+00 6.230000000000000426e+00
5.617281502023999451e+00 6.240000000000000213e+00
5.623398062024000055e+00 6.250000000000000000e+00
5.629514622023999770e+00 6.259999999999999787e+00
5.635631182024000374e+00 6.270000000000000462e+00
5.641747742024000090e+00 6.280000000000000249e+00
5.647864302023999805e+00 6.290000000000000036e+00
5.653980862023999521e+00 6.299999999999999822e+00
5.660097422024000124e+00 6.310000000000000497e+00
5.666213982024000728e+00 6.320000000000000284e+00
5.672330542023999556e+00 6.330000000000000071e+00
5.678447102024000159e+00 6.339999999999999858e+00
5.684563662024000763e+00 6.350000000000000533e+00
5.690680222023999590e+00 6.360000000000000320e+00
5.696796782024000194e+00 6.370000000000000107e+00
5.702913342023999910e+00 6.379999999999999893e+00
5.709029902024000513e+00 6.390000000000000568e+00
5.715146462024000229e+00 6.400000000000000355e+00
5.721263022023999945e+00 6.410000000000000142e+00
5.727379582023999660e+00 6.419999999999999929e+00
5.733496142024000264e+00 6.429999999999999716e+00
5.739612702024000868e+00 6.440000000000000391e+00
5.745729262023999695e+00 6.450000000000000178e+00
5.751845822024000299e+00 6.459999999999999964e+00
5.757962382024000014e+00 6.469999999999999751e+00
5.764078942023999730e+00 6.480000000000000426e+00
5.770195502024000334e+00 6.490000000000000213e+00
5.776312062024000049e+00 6.500000000000000000e+00
5.782428622023999765e+00 6.509999999999999787e+00
5.788545182024000368e+00 6.520000000000000462e+00
5.794661742024000084e+00 6.530000000000000249e+00
5.800778302023999800e+00 6.540000000000000036e+00
5.806894862024000403e+00 6.549999999999999822e+00
5.813011422024000119e+00 6.560000000000000497e+00
5.819127982023999834e+00 6.570000000000000284e+00
5.825244542024000438e+00 6.580000000000000071e+00
5.831361102023999265e+00 6.589999999999999858e+00
5.837477662023999869e+00 6.600000000000000533e+00
5.843594222024000473e+00 6.610000000000000320e+00
5.849710782024000189e+00 6.620000000000000107e+00
5.855827342023999904e+00 6.629999999999999893e+00
5.861943902024000508e+00 6.640000000000000568e+00
5.868060462024000223e+00 6.650000000000000355e+00
5.874177022023999939e+00 6.660000000000000142e+00
5.880293582024000543e+00 6.669999999999999929e+00
5.886410142023999370e+00 6.679999999999999716e+00
5.892526702023999974e+00 6.690000000000000391e+00
5.898643262024000578e+00 6.700000000000000178e+00
5.904759822023999405e+00 6.709999999999999964e+00
5.910876382024000009e+00 6.719999999999999751e+00
5.916992942024000612e+00 6.730000000000000426e+00
5.923109502023999440e+00 6.740000000000000213e+00
5.929226062024000043e+00 6.750000000000000000e+00
5.935342622023999759e+00 6.759999999999999787e+00
5.941459182024000363e+00 6.770000000000000462e+00
5.947575742024000078e+00 6.780000000000000249e+00
5.953692302023999794e+00 6.790000000000000036e+00
5.959808862023999509e+00 6.799999999999999822e+00
5.965925422024000113e+00 6.810000000000000497e+00
5.972041982024000717e+00 6.820000000000000284e+00
5.978158542023999544e+00 6.830000000000000071e+00
5.984275102024000148e+00 6.839999999999999858e+00
5.990391662024000752e+00 6.850000000000000533e+00
5.996508222023999579e+00 6.860000000000000320e+00
6.002624782024000183e+00 6.870000000000000107e+00
6.008741342023999898e+00 6.879999999999999893e+00
6.014857902024000502e+00 6.890000000000000568e+00
6.020974462024000218e+00 6.900000000000000355e+00
6.027091022023999933e+00 6.910000000000000142e+00
6.033207582023999649e+00 6.919999999999999929e+00
6.039324142024000253e+00 6.929999999999999716e+00
6.045440702024000856e+00 6.940000000000000391e+00
6.051557262023999684e+00 6.950000000000000178e+00
6.057673822024000287e+00 6.959999999999999964e+00
6.063790382024000003e+00 6.969999999999999751e+00
6.069906942023999719e+00 6.980000000000000426e+00
6.076023502024000322e+00 6.990000000000000213e+00
6.082140062024000038e+00 7.000000000000000000e+00
6.088256622023999753e+00 7.009999999999999787e+00
6.094373182024000357e+00 7.020000000000000462e+00
6.100489742024000073e+00 7.030000000000000249e+00
6.106606302023999788e+00 7.040000000000000036e+00
6.112722862024000392e+00 7.049999999999999822e+00
6.118839422024000108e+00 7.060000000000000497e+00
6.124955982023999823e+00 7.070000000000000284e+00
6.131072542024000427e+00 7.080000000000000071e+00
6.137189102024000142e+00 7.089999999999999858e+00
6.143305662023999858e+00 7.100000000000000533e+00
6.149422222024000462e+00 7.110000000000000320e+00
6.155538782024000177e+00 7.120000000000000107e+00
6.161655342023999893e+00 7.129999999999999893e+00
6.167771902024000497e+00 7.140000000000000568e+00
6.173888462024000212e+00 7.150000000000000355e+00
6.180005022023999928e+00 7.160000000000000142e+00
6.186121582023999643e+00 7.169999999999999929e+00
6.192238142023999359e+00 7.179999999999999716e+00
6.198354702023999963e+00 7.190000000000000391e+00
6.204471262023999678e+00 7.200000000000000178e+00
6.210587822024000282e+00 7.209999999999999964e+00
6.216704382023999997e+00 7.219999999999999751e+00
6.222820942024000601e+00 7.230000000000000426e+00
6.228937502024000317e+00 7.240000000000000213e+00
6.235054062024000032e+00 7.250000000000000000e+00
6.241170622023999748e+00 7.259999999999999787e+00
6.247287182024000352e+00 7.270000000000000462e+00
6.253403742024000067e+00 7.280000000000000249e+00
6.259520302023999783e+00 7.290000000000000036e+00
6.265636862023999498e+00 7.299999999999999822e+00
6.271753422024000102e+00 7.310000000000000497e+00
6.277869982023999817e+00 7.320000000000000284e+00
6.283986542024000421e+00 7.330000000000000071e+00
6.290103102024000137e+00 7.339999999999999858e+00
6.296219662023999852e+00 7.350000000000000533e+00
6.302336222024000456e+00 7.360000000000000320e+00
6.308452782024000172e+00 7.370000000000000107e+00
6.314569342023999887e+00 7.379999999999999893e+00
6.320685902024000491e+00 7.390000000000000568e+00
6.326802462024000206e+00 7.400000000000000355e+00
6.332919022023999922e+00 7.410000000000000142e+00
6.339035582023999638e+00 7.419999999999999929e+00
6.345152142023999353e+00 7.429999999999999716e+00
6.351268702023999957e+00 7.440000000000000391e+00
6.357385262023999672e+00 7.450000000000000178e+00
6.363501822024000276e+00 7.459999999999999964e+00
6.369618382023999992e+00 7.469999999999999751e+00
6.375734942024000595e+00 7.480000000000000426e+00
6.381851502024000311e+00 7.490000000000000213e+00
6.387968062024000027e+00 7.500000000000000000e+00
6.394084622023999742e+00 7.509999999999999787e+00
6.400201182024000346e+00 7.520000000000000462e+00
6.406317742024000061e+00 7.530000000000000249e+00
6.412434302023999777e+00 7.540000000000000036e+00
6.418550862023999493e+00 7.549999999999999822e+00
6.424667422024000096e+00 7.560000000000000497e+00
6.430783982023999812e+00 7.570000000000000284e+00
6.436900542024000416e+00 7.580000000000000071e+00
6.443017102024000131e+00 7.589999999999999858e+00
6.449133662023999847e+00 7.600000000000000533e+00
6.455250222024000450e+00 7.610000000000000320e+00
6.461366782024000166e+00 7.620000000000000107e+00
6.467483342023999882e+00 7.629999999999999893e+00
6.473599902024000485e+00 7.640000000000000568e+00
6.479716462024000201e+00 7.650000000000000355e+00
6.485833022023999916e+00 7.660000000000000142e+00
6.491949582023999632e+00 7.669999999999999929e+00
6.498066142023999348e+00 7.679999999999999716e+00
6.504182702023999951e+00 7.690000000000000391e+00
6.510299262023999667e+00 7.700000000000000178e+00
6.516415822024000271e+00 7.709999999999999964e+00
6.522532382023999986e+00 7.719999999999999751e+00
6.528648942024000590e+00 7.730000000000000426e+00
6.534765502024000305e+00 7.740000000000000213e+00
6.540882062024000021e+00 7.750000000000000000e+00
6.546998622023999737e+00 7.759999999999999787e+00
6.553115182024000340e+00 7.770000000000000462e+00
6.559231742024000056e+00 7.780000000000000249e+00
6.565348302023999771e+00 7.790000000000000036e+00
6.571464862023999487e+00 7.799999999999999822e+00
6.577581422024000091e+00 7.810000000000000497e+00
6.583697982023999806e+00 7.820000000000000284e+00
6.589814542024000410e+00 7.830000000000000071e+00
6.595931102024000126e+00 7.839999999999999858e+00
6.602047662023999841e+00 7.850000000000000533e+00
6.608164222024000445e+00 7.860000000000000320e+00
6.614280782024000160e+00 7.870000000000000107e+00
6.620397342023999876e+00 7.879999999999999893e+00
6.626513902024000480e+00 7.890000000000000568e+00
6.632630462024000195e+00 7.900000000000000355e+00
6.638747022023999911e+00 7.910000000000000142e+00
6.644863582023999626e+00 7.919999999999999929e+00
6.650980142024000230e+00 7.930000000000000604e+00
6.657096702023999946e+00 7.940000000000000391e+00
6.663213262023999661e+00 7.950000000000000178e+00
6.669329822024000265e+00 7.959999999999999964e+00
6.675446382023999981e+00 7.969999999999999751e+00
6.681562942024000584e+00 7.980000000000000426e+00
6.687679502024000300e+00 7.990000000000000213e+00
6.693796062024000015e+00 8.000000000000000000e+00
6.699912622023999731e+00 8.009999999999999787e+00
6.706029182023999446e+00 8.019999999999999574e+00
6.712145742023999162e+00 8.029999999999999361e+00
6.718262302024000654e+00 8.040000000000000924e+00
6.724378862024000370e+00 8.050000000000000711e+00
6.730495422024000085e+00 8.060000000000000497e+00
6.736611982023999801e+00 8.070000000000000284e+00
6.742728542024000404e+00 8.080000000000000071e+00
6.748845102024000120e+00 8.089999999999999858e+00
6.754961662023999835e+00 8.099999999999999645e+00
6.761078222023999551e+00 8.109999999999999432e+00
6.767194782024000155e+00 8.120000000000000995e+00
6.773311342024000758e+00 8.130000000000000782e+00
6.779427902024000474e+00 8.140000000000000568e+00
6.785544462024000190e+00 8.150000000000000355e+00
6.791661022023999905e+00 8.160000000000000142e+00
6.797777582023999621e+00 8.169999999999999929e+00
6.803894142023999336e+00 8.179999999999999716e+00
6.810010702023999940e+00 8.189999999999999503e+00
6.816127262023999656e+00 8.199999999999999289e+00
6.822243822024000259e+00 8.210000000000000853e+00
6.828360382023999975e+00 8.220000000000000639e+00
6.834476942024000579e+00 8.230000000000000426e+00
6.840593502024000294e+00 8.240000000000000213e+00
6.846710062024000010e+00 8.250000000000000000e+00
6.852826622023999725e+00 8.259999999999999787e+00
6.858943182023999441e+00 8.269999999999999574e+00
6.865059742023999156e+00 8.279999999999999361e+00
6.871176302024000648e+00 8.290000000000000924e+00
6.877292862024000364e+00 8.300000000000000711e+00
6.883409422024000079e+00 8.310000000000000497e+00
6.889525982023999795e+00 8.320000000000000284e+00
6.895642542024000399e+00 8.330000000000000071e+00
6.901759102024000114e+00 8.339999999999999858e+00
6.907875662023999830e+00 8.349999999999999645e+00
6.913992222023999545e+00 8.359999999999999432e+00
6.920108782024000149e+00 8.370000000000000995e+00
6.926225342024000753e+00 8.380000000000000782e+00
6.932341902024000468e+00 8.390000000000000568e+00
6.938458462024000184e+00 8.400000000000000355e+00
6.944575022023999900e+00 8.410000000000000142e+00
6.950691582023999615e+00 8.419999999999999929e+00
6.956808142023999331e+00 8.429999999999999716e+00
6.962924702023999934e+00 8.439999999999999503e+00
6.969041262023999650e+00 8.449999999999999289e+00
6.975157822024000254e+00 8.460000000000000853e+00
6.981274382023999969e+00 8.470000000000000639e+00
6.987390942024000573e+00 8.480000000000000426e+00
6.993507502024000289e+00 8.490000000000000213e+00
6.999624062024000004e+00 8.500000000000000000e+00
7.005740622023999720e+00 8.509999999999999787e+00
7.011857182023999435e+00 8.519999999999999574e+00
7.017973742023999151e+00 8.529999999999999361e+00
7.024090302024000643e+00 8.540000000000000924e+00
7.030206862024000358e+00 8.550000000000000711e+00
7.036323422024000074e+00 8.560000000000000497e+00
7.042439982023999789e+00 8.570000000000000284e+00
7.048556542024000393e+00 8.580000000000000071e+00
7.054673102024000109e+00 8.589999999999999858e+00
7.060789662023999824e+00 8.599999999999999645e+00
7.066906222023999540e+00 8.609999999999999432e+00
7.073022782024000144e+00 8.620000000000000995e+00
7.079139342024000747e+00 8.630000000000000782e+00
7.085255902024000463e+00 8.640000000000000568e+00
7.091372462024000178e+00 8.650000000000000355e+00
7.097489022023999894e+00 8.660000000000000142e+00
7.103605582023999609e+00 8.669999999999999929e+00
7.109722142023999325e+00 8.679999999999999716e+00
7.115838702023999929e+00 8.689999999999999503e+00
7.121955262024000533e+00 8.700000000000001066e+00
7.128071822024000248e+00 8.710000000000000853e+00
7.134188382023999964e+00 8.720000000000000639e+00
7.140304942024000567e+00 8.730000000000000426e+00
7.146421502024000283e+00 8.740000000000000213e+00
7.152538062023999998e+00 8.750000000000000000e+00
7.158654622023999714e+00 8.759999999999999787e+00
7.164771182023999430e+00 8.769999999999999574e+00
7.170887742023999145e+00 8.779999999999999361e+00
7.177004302024000637e+00 8.790000000000000924e+00
7.183120862024000353e+00 8.800000000000000711e+00
7.189237422024000068e+00 8.810000000000000497e+00
7.195353982023999784e+00 8.820000000000000284e+00
7.201470542024000387e+00 8.830000000000000071e+00
7.207587102024000103e+00 8.839999999999999858e+00
7.213703662023999819e+00 8.849999999999999645e+00
7.219820222023999534e+00 8.859999999999999432e+00
7.225936782024000138e+00 8.870000000000000995e+00
7.232053342024000742e+00 8.880000000000000782e+00
7.238169902024000457e+00 8.890000000000000568e+00
7.244286462024000173e+00 8.900000000000000355e+00
7.250403022023999888e+00 8.910000000000000142e+00
7.256519582023999604e+00 8.919999999999999929e+00
7.262636142023999319e+00 8.929999999999999716e+00
7.268752702023999923e+00 8.939999999999999503e+00
7.274869262024000527e+00 8.950000000000001066e+00
7.280985822024000242e+00 8.960000000000000853e+00
7.287102382023999958e+00 8.970000000000000639e+00
7.293218942024000562e+00 8.980000000000000426e+00
7.299335502024000277e+00 8.990000000000000213e+00
7.305452062023999993e+00 9.000000000000000000e+00
7.311568622023999708e+00 9.009999999999999787e+00
7.317685182023999424e+00 9.019999999999999574e+00
7.323801742023999140e+00 9.029999999999999361e+00
7.329918302024000631e+00 9.040000000000000924e+00
7.336034862024000347e+00 9.050000000000000711e+00
7.342151422024000063e+00 9.060000000000000497e+00
7.348267982023999778e+00 9.070000000000000284e+00
7.354384542024000382e+00 9.080000000000000071e+00
7.360501102024000097e+00 9.089999999999999858e+00
7.366617662023999813e+00 9.099999999999999645e+00
7.372734222023999529e+00 9.109999999999999432e+00
7.378850782024000132e+00 9.120000000000000995e+00
7.384967342024000736e+00 9.130000000000000782e+00
7.391083902024000452e+00 9.140000000000000568e+00
7.397200462024000167e+00 9.150000000000000355e+00
7.403317022023999883e+00 9.160000000000000142e+00
7.409433582023999598e+00 9.169999999999999929e+00
7.415550142023999314e+00 9.179999999999999716e+00
7.421666702023999918e+00 9.189999999999999503e+00
7.427783262024000521e+00 9.200000000000001066e+00
7.433899822024000237e+00 9.210000000000000853e+00
7.440016382023999952e+00 9.220000000000000639e+00
7.446132942024000556e+00 9.230000000000000426e+00
7.452249502024000272e+00 9.240000000000000213e+00
7.458366062023999987e+00 9.250000000000000000e+00
7.464482622023999703e+00 9.259999999999999787e+00
7.470599182023999418e+00 9.269999999999999574e+00
7.476715742023999134e+00 9.279999999999999361e+00
7.482832302024000626e+00 9.290000000000000924e+00
7.488948862024000341e+00 9.300000000000000711e+00
7.495065422024000057e+00 9.310000000000000497e+00
7.501181982023999772e+00 9.320000000000000284e+00
7.507298542024000376e+00 9.330000000000000071e+00
7.513415102024000092e+00 9.339999999999999858e+00
7.519531662023999807e+00 9.349999999999999645e+00
7.525648222023999523e+00 9.359999999999999432e+00
7.531764782024000127e+00 9.370000000000000995e+00
7.537881342024000730e+00 9.380000000000000782e+00
7.543997902024000446e+00 9.390000000000000568e+00
7.550114462024000161e+00 9.400000000000000355e+00
7.556231022023999877e+00 9.410000000000000142e+00
7.562347582023999593e+00 9.419999999999999929e+00
7.568464142023999308e+00 9.429999999999999716e+00
7.574580702023999912e+00 9.439999999999999503e+00
7.580697262024000516e+00 9.450000000000001066e+00
7.586813822024000231e+00 9.460000000000000853e+00
7.592930382023999947e+00 9.470000000000000639e+00
7.624866150664003861e+00 9.480000000000000426e+00
7.671578950664002861e+00 9.490000000000000213e+00
7.718291750664001860e+00 9.500000000000000000e+00
7.765004550664000860e+00 9.509999999999999787e+00
7.811717350663999859e+00 9.519999999999999574e+00
7.858430150663998859e+00 9.529999999999999361e+00
7.905142950664005852e+00 9.540000000000000924e+00
7.951855750664004852e+00 9.550000000000000711e+00
7.998568550664003851e+00 9.560000000000000497e+00
8.045281350664003739e+00 9.570000000000000284e+00
8.091994150664001850e+00 9.580000000000000071e+00
8.138706950664001738e+00 9.589999999999999858e+00
8.185419750663999849e+00 9.599999999999999645e+00
8.232132550663999737e+00 9.609999999999999432e+00
8.278845350664006730e+00 9.620000000000000995e+00
8.325558150664004842e+00 9.630000000000000782e+00
8.372270950664004729e+00 9.640000000000000568e+00
8.418983750664002841e+00 9.650000000000000355e+00
8.465696550664002729e+00 9.660000000000000142e+00
8.512409350664000840e+00 9.669999999999999929e+00
8.559122150664000728e+00 9.679999999999999716e+00
8.605834950664000615e+00 9.689999999999999503e+00
8.652547750664007609e+00 9.700000000000001066e+00
8.699260550664005720e+00 9.710000000000000853e+00
8.745973350664005608e+00 9.720000000000000639e+00
8.792686150664003719e+00 9.730000000000000426e+00
8.839398950664003607e+00 9.740000000000000213e+00
8.886111750664001718e+00 9.750000000000000000e+00
8.932824550664001606e+00 9.759999999999999787e+00
8.979537350663999717e+00 9.769999999999999574e+00
9.026250150663999605e+00 9.779999999999999361e+00
9.072962950664006598e+00 9.790000000000000924e+00
9.119675750664004710e+00 9.800000000000000711e+00
9.166388550664004597e+00 9.810000000000000497e+00
9.213101350664002709e+00 9.820000000000000284e+00
9.259814150664002597e+00 9.830000000000000071e+00
9.306526950664000708e+00 9.839999999999999858e+00
9.353239750664000596e+00 9.849999999999999645e+00
9.399952550663998707e+00 9.859999999999999432e+00
9.446665350664005700e+00 9.870000000000000995e+00
9.493378150664005588e+00 9.880000000000000782e+00
9.540090950664005476e+00 9.890000000000000568e+00
9.586803750664003587e+00 9.900000000000000355e+00
9.633516550664001699e+00 9.910000000000000142e+00
9.680229350664001586e+00 9.919999999999999929e+00
9.726942150664001474e+00 9.929999999999999716e+00
9.773654950663999585e+00 9.939999999999999503e+00
9.820367750664006579e+00 9.950000000000001066e+00
9.867080550664006466e+00 9.960000000000000853e+00
9.913793350664004578e+00 9.970000000000000639e+00
9.960506150664004466e+00 9.980000000000000426e+00
1.000000000000000000e+01 9.990000000000000213e+00
1.000000000000000000e+01 1.000000000000000000e+01
1.000000000000000000e+01 1.000999999999999979e+01
1.000000000000000000e+01 1.001999999999999957e+01
1.000000000000000000e+01 1.002999999999999936e+01
1.000000000000000000e+01 1.004000000000000092e+01
1.000000000000000000e+01 1.005000000000000071e+01
1.000000000000000000e+01 1.006000000000000050e+01
1.000000000000000000e+01 1.007000000000000028e+01
1.000000000000000000e+01 1.008000000000000007e+01
1.000000000000000000e+01 1.008999999999999986e+01
1.000000000000000000e+01 1.009999999999999964e+01
1.000000000000000000e+01 1.010999999999999943e+01
1.000000000000000000e+01 1.012000000000000099e+01
1.000000000000000000e+01 1.013000000000000078e+01
1.000000000000000000e+01 1.014000000000000057e+01
1.000000000000000000e+01 1.015000000000000036e+01
1.000000000000000000e+01 1.016000000000000014e+01
1.000000000000000000e+01 1.016999999999999993e+01
1.000000000000000000e+01 1.017999999999999972e+01
1.000000000000000000e+01 1.018999999999999950e+01
1.000000000000000000e+01 1.020000000000000107e+01
1.000000000000000000e+01 1.021000000000000085e+01
1.000000000000000000e+01 1.022000000000000064e+01
1.000000000000000000e+01 1.023000000000000043e+01
1.000000000000000000e+01 1.024000000000000021e+01
1.000000000000000000e+01 1.025000000000000000e+01
1.000000000000000000e+01 1.025999999999999979e+01
1.000000000000000000e+01 1.026999999999999957e+01
1.000000000000000000e+01 1.027999999999999936e+01
1.000000000000000000e+01 1.029000000000000092e+01
1.000000000000000000e+01 1.030000000000000071e+01
1.000000000000000000e+01 1.031000000000000050e+01
1.000000000000000000e+01 1.032000000000000028e+01
1.000000000000000000e+01 1.033000000000000007e+01
1.000000000000000000e+01 1.033999999999999986e+01
1.000000000000000000e+01 1.034999999999999964e+01
1.000000000000000000e+01 1.035999999999999943e+01
1.000000000000000000e+01 1.037000000000000099e+01
1.000000000000000000e+01 1.038000000000000078e+01
1.000000000000000000e+01 1.039000000000000057e+01
1.000000000000000000e+01 1.040000000000000036e+01
1.000000000000000000e+01 1.041000000000000014e+01
1.000000000000000000e+01 1.041999999999999993e+01
1.000000000000000000e+01 1.042999999999999972e+01
1.000000000000000000e+01 1.043999999999999950e+01
1.000000000000000000e+01 1.045000000000000107e+01
1.000000000000000000e+01 1.046000000000000085e+01
1.000000000000000000e+01 1.047000000000000064e+01
1.000000000000000000e+01 1.048000000000000043e+01
1.000000000000000000e+01 1.049000000000000021e+01
1.000000000000000000e+01 1.050000000000000000e+01
1.000000000000000000e+01 1.050999999999999979e+01
1.000000000000000000e+01 1.051999999999999957e+01
1.000000000000000000e+01 1.052999999999999936e+01
1.000000000000000000e+01 1.054000000000000092e+01
1.000000000000000000e+01 1.055000000000000071e+01
1.000000000000000000e+01 1.056000000000000050e+01
1.000000000000000000e+01 1.057000000000000028e+01
1.000000000000000000e+01 1.058000000000000007e+01
1.000000000000000000e+01 1.058999999999999986e+01
1.000000000000000000e+01 1.059999999999999964e+01
1.000000000000000000e+01 1.060999999999999943e+01
1.000000000000000000e+01 1.062000000000000099e+01
1.000000000000000000e+01 1.063000000000000078e+01
1.000000000000000000e+01 1.064000000000000057e+01
1.000000000000000000e+01 1.065000000000000036e+01
1.000000000000000000e+01 1.066000000000000014e+01
1.000000000000000000e+01 1.066999999999999993e+01
1.000000000000000000e+01 1.067999999999999972e+01
1.000000000000000000e+01 1.068999999999999950e+01
1.000000000000000000e+01 1.070000000000000107e+01
1.000000000000000000e+01 1.071000000000000085e+01
1.000000000000000000e+01 1.072000000000000064e+01
1.000000000000000000e+01 1.073000000000000043e+01
1.000000000000000000e+01 1.074000000000000021e+01
1.000000000000000000e+01 1.075000000000000000e+01
1.000000000000000000e+01 1.075999999999999979e+01
1.000000000000000000e+01 1.076999999999999957e+01
1.000000000000000000e+01 1.077999999999999936e+01
1.000000000000000000e+01 1.079000000000000092e+01
1.000000000000000000e+01 1.080000000000000071e+01
1.000000000000000000e+01 1.081000000000000050e+01
1.000000000000000000e+01 1.082000000000000028e+01
1.000000000000000000e+01 1.083000000000000007e+01
1.000000000000000000e+01 1.083999999999999986e+01
1.000000000000000000e+01 1.084999999999999964e+01
1.000000000000000000e+01 1.085999999999999943e+01
1.000000000000000000e+01 1.087000000000000099e+01
1.000000000000000000e+01 1.088000000000000078e+01
1.000000000000000000e+01 1.089000000000000057e+01
1.000000000000000000e+01 1.090000000000000036e+01
1.000000000000000000e+01 1.091000000000000014e+01
1.000000000000000000e+01 1.091999999999999993e+01
1.000000000000000000e+01 1.092999999999999972e+01
1.000000000000000000e+01 1.093999999999999950e+01
1.000000000000000000e+01 1.095000000000000107e+01
1.000000000000000000e+01 1.096000000000000085e+01
1.000000000000000000e+01 1.097000000000000064e+01
1.000000000000000000e+01 1.098000000000000043e+01
1.000000000000000000e+01 1.099000000000000021e+01
1.000000000000000000e+01 1.100000000000000000e+01
